Jul.Day YYYY/MM/DD Wdy USD/XAU USD/XAG USD/XPT USD/CAD USD/EUR USD/JPY USD/GBP USD/CHF USD/AUD USD/HKD USD/NZD USD/KRW USD/MXN
2454103 2007/01/02 Tue 0.0 0.0 0.0 0.85844 1.3287 0.0084162 1.9736 0.82462 0.79586 0.12853 0.70839 0.00108078 0.092798
2454104 2007/01/03 Wed 642.60 12.9100 1136.00 0.85477 1.3169 0.0083614 1.9499 0.81537 0.79135 0.12842 0.70510 0.00107958 0.092914
2454105 2007/01/04 Thu 628.70 12.6200 1128.00 0.84983 1.3093 0.0083827 1.9442 0.81202 0.78584 0.12839 0.69788 0.00107334 0.092037
2454106 2007/01/05 Fri 609.50 12.7000 1120.00 0.85070 1.3004 0.0084185 1.9304 0.80868 0.77958 0.12835 0.68720 0.00107018 0.091195
2454109 2007/01/08 Mon 609.50 12.2100 1120.00 0.84911 1.3022 0.0084393 1.9383 0.80920 0.78118 0.12829 0.68795 0.00106564 0.091110
2454110 2007/01/09 Tue 609.60 12.3600 1123.00 0.84861 1.2994 0.0083716 1.9398 0.80525 0.77936 0.12824 0.68958 0.00106500 0.090716
2454111 2007/01/10 Wed 608.40 12.4500 1143.00 0.84947 1.2939 0.0083656 1.9334 0.80249 0.77659 0.12822 0.68731 0.00106609 0.090724
2454112 2007/01/11 Thu 612.00 12.4100 1143.00 0.85020 1.2903 0.0082987 1.9439 0.80105 0.78218 0.12824 0.69265 0.00106530 0.091226
2454113 2007/01/12 Fri 619.75 12.4300 1137.00 0.85455 1.2924 0.0083029 1.9568 0.80089 0.78252 0.12822 0.69142 0.00106392 0.091010
2454116 2007/01/15 Mon 627.00 12.8850 0.0 0.85609 1.2932 0.0082998 1.9644 0.80147 0.78358 0.12823 0.69455 0.00106583 0.091430
2454117 2007/01/16 Tue 627.05 12.8400 0.0 0.85135 1.2916 0.0082887 1.9606 0.80112 0.78273 0.12819 0.69479 0.00106930 0.091010
2454118 2007/01/17 Wed 626.50 12.5500 0.0 0.85201 1.2947 0.0082960 1.9721 0.80276 0.78657 0.12813 0.69089 0.00106756 0.091591
2454119 2007/01/18 Thu 635.00 12.8400 0.0 0.85092 1.2941 0.0082420 1.9712 0.79986 0.78812 0.12803 0.69444 0.00106790 0.091559
2454120 2007/01/19 Fri 629.00 12.7200 0.0 0.85324 1.2968 0.0082491 1.9759 0.80128 0.78925 0.12808 0.69539 0.00106826 0.091809
2454123 2007/01/22 Mon 639.00 12.8650 0.0 0.85041 1.2957 0.0082260 1.9771 0.80101 0.78927 0.12824 0.69938 0.00106386 0.091674
2454124 2007/01/23 Tue 642.50 13.0900 0.0 0.84631 1.3025 0.0082279 1.9846 0.80611 0.79206 0.12820 0.70210 0.00106381 0.091232
2454125 2007/01/24 Wed 642.10 13.2000 0.0 0.84574 1.2962 0.0082798 1.9673 0.80117 0.78163 0.12814 0.69638 0.00106817 0.091340
2454126 2007/01/25 Thu 651.75 13.3800 0.0 0.84868 1.2979 0.0082662 1.9705 0.80387 0.77748 0.12810 0.69973 0.00106849 0.090978
2454127 2007/01/26 Fri 645.50 13.2200 0.0 0.84760 1.2910 0.0082277 1.9597 0.79776 0.77234 0.12805 0.69503 0.00106289 0.090524
2454130 2007/01/29 Mon 644.75 13.2500 0.0 0.84631 1.2947 0.0082092 1.9590 0.79816 0.77251 0.12801 0.69719 0.00106297 0.090132
2454131 2007/01/30 Tue 645.20 13.1500 0.0 0.84645 1.2953 0.0082148 1.9616 0.79795 0.77230 0.12804 0.68893 0.00106061 0.090486
2454132 2007/01/31 Wed 650.50 13.3600 0.0 0.84803 1.2999 0.0082624 1.9609 0.80190 0.77392 0.12807 0.68538 0.00106174 0.090570
2454133 2007/02/01 Thu 660.20 13.5800 0.0 0.85070 1.3021 0.0082867 1.9685 0.80459 0.77448 0.12813 0.68141 0.00106763 0.091025
2454134 2007/02/02 Fri 645.70 13.6600 0.0 0.84474 1.2959 0.0082624 1.9664 0.80149 0.77463 0.12809 0.67968 0.00106690 0.090894
2454137 2007/02/05 Mon 649.40 13.2900 0.0 0.84617 1.2932 0.0083094 1.9600 0.80115 0.77686 0.12805 0.68353 0.00106871 0.091471
2454138 2007/02/06 Tue 653.25 13.6600 0.0 0.84602 1.2969 0.0083088 1.9693 0.80541 0.77682 0.12805 0.67978 0.00107191 0.091540
2454139 2007/02/07 Wed 653.75 13.6500 0.0 0.84374 1.3020 0.0082880 1.9699 0.80653 0.77852 0.12799 0.68503 0.00107155 0.091377
2454140 2007/02/08 Thu 656.00 13.5300 0.0 0.84367 1.3035 0.0082511 1.9586 0.80174 0.78115 0.12797 0.68632 0.00106977 0.091201
2454141 2007/02/09 Fri 664.50 13.8400 0.0 0.85186 1.3004 0.0082239 1.9506 0.80075 0.77647 0.12799 0.68353 0.00106994 0.091234
2454144 2007/02/12 Mon 664.55 13.7800 0.0 0.85135 1.2963 0.0082113 1.9473 0.79789 0.77260 0.12797 0.68534 0.00106675 0.090839
2454145 2007/02/13 Tue 667.80 13.7900 0.0 0.85572 1.3022 0.0082483 1.9443 0.80070 0.77734 0.12797 0.68877 0.00106452 0.090964
2454146 2007/02/14 Wed 668.25 13.9600 0.0 0.85763 1.3125 0.0082779 1.9626 0.80652 0.78336 0.12798 0.69442 0.00106518 0.091595
2454147 2007/02/15 Thu 664.75 13.9800 0.0 0.85918 1.3139 0.0083693 1.9529 0.80883 0.78452 0.12806 0.69387 0.00106968 0.091331
2454148 2007/02/16 Fri 665.10 13.9000 0.0 0.85933 1.3136 0.0083861 1.9498 0.81026 0.78680 0.12800 0.69752 0.00106815 0.091003
2454151 2007/02/19 Mon 670.75 14.0300 0.0 0.85918 1.3145 0.0083598 1.9501 0.81081 0.78623 0.12798 0.70169 0.00106796 0.091073
2454152 2007/02/20 Tue 663.90 13.9000 0.0 0.85485 1.3134 0.0083262 1.9548 0.80834 0.78509 0.12797 0.70038 0.00106599 0.091127
2454153 2007/02/21 Wed 661.25 13.7400 0.0 0.86118 1.3124 0.0082639 1.9522 0.80684 0.78979 0.12799 0.70608 0.00106528 0.091026
2454154 2007/02/22 Thu 676.60 14.2500 0.0 0.86088 1.3134 0.0082429 1.9570 0.80742 0.78952 0.12802 0.70540 0.00106491 0.091081
2454155 2007/02/23 Fri 683.00 14.2800 1234.00 0.86318 1.3164 0.0082581 1.9638 0.81096 0.79188 0.12806 0.70669 0.00106603 0.090634
2454158 2007/02/26 Mon 685.75 14.5800 1236.00 0.86207 1.3158 0.0082802 1.9630 0.81112 0.79319 0.12799 0.70991 0.00106552 0.090345
2454159 2007/02/27 Tue 676.20 14.4900 1236.00 0.85918 1.3244 0.0084260 1.9661 0.81923 0.79319 0.12798 0.70478 0.00106538 0.089698
2454160 2007/02/28 Wed 664.20 14.3100 1239.00 0.85470 1.3230 0.0084504 1.9612 0.82042 0.78915 0.12801 0.70103 0.00106154 0.089658
2454161 2007/03/01 Thu 670.40 14.2900 1248.00 0.85375 1.3173 0.0085094 1.9579 0.81781 0.78622 0.12801 0.69444 0.00106207 0.089388
2454162 2007/03/02 Fri 651.90 13.5300 1203.00 0.85085 1.3181 0.0085587 1.9456 0.82141 0.78337 0.12796 0.68876 0.00106016 0.089424
2454165 2007/03/05 Mon 636.75 13.5300 1203.00 0.84667 1.3094 0.0086191 1.9234 0.81839 0.77275 0.12796 0.67827 0.00105071 0.089493
2454166 2007/03/06 Tue 643.75 12.9350 1190.00 0.85034 1.3107 0.0085825 1.9269 0.81683 0.77364 0.12795 0.68053 0.00105527 0.089711
2454167 2007/03/07 Wed 646.40 12.8900 1186.00 0.84846 1.3147 0.0085890 1.9313 0.81902 0.77643 0.12791 0.68378 0.00105379 0.089598
2454168 2007/03/08 Thu 654.25 13.0900 1195.00 0.84739 1.3130 0.0085222 1.9299 0.81375 0.77578 0.12799 0.68469 0.00105500 0.089738
2454169 2007/03/09 Fri 652.25 13.0700 1203.00 0.85382 1.3118 0.0084631 1.9318 0.81070 0.78057 0.12797 0.69143 0.00105704 0.089908
2454172 2007/03/12 Mon 647.75 12.9700 1203.00 0.85529 1.3187 0.0085092 1.9293 0.81628 0.78353 0.12797 0.69304 0.00105884 0.089634
2454173 2007/03/13 Tue 650.80 12.9200 1220.00 0.85565 1.3199 0.0085522 1.9319 0.81834 0.78712 0.12796 0.69744 0.00105844 0.089587
2454174 2007/03/14 Wed 643.25 12.6500 1203.00 0.85077 1.3224 0.0085928 1.9337 0.82372 0.78577 0.12795 0.69032 0.00105666 0.089416
2454175 2007/03/15 Thu 648.50 12.9000 1215.00 0.85049 1.3247 0.0085304 1.9366 0.82344 0.78831 0.12801 0.69493 0.00105800 0.089726
2454176 2007/03/16 Fri 653.20 13.0700 1219.00 0.85179 1.3307 0.0085605 1.9421 0.82786 0.79480 0.12802 0.69770 0.00105877 0.089608
2454179 2007/03/19 Mon 655.00 13.1600 1226.00 0.85092 1.3298 0.0085092 1.9461 0.82471 0.79944 0.12800 0.70201 0.00105939 0.089687
2454180 2007/03/20 Tue 659.00 13.2500 1231.00 0.85918 1.3290 0.0085222 1.9579 0.82378 0.80153 0.12800 0.70418 0.00106195 0.090042
2454181 2007/03/21 Wed 658.75 13.3300 1232.00 0.86371 1.3305 0.0084868 1.9596 0.82285 0.80126 0.12803 0.70461 0.00106581 0.090257
2454182 2007/03/22 Thu 663.00 13.3750 1236.00 0.86386 1.3358 0.0084926 1.9672 0.82542 0.80831 0.12805 0.71432 0.00106686 0.090791
2454183 2007/03/23 Fri 656.25 13.3700 1232.00 0.86207 1.3303 0.0084862 1.9628 0.82155 0.80629 0.12802 0.71233 0.00106638 0.090776
2454186 2007/03/26 Mon 663.00 13.2600 1237.00 0.86007 1.3335 0.0084854 1.9692 0.82342 0.80950 0.12799 0.71601 0.00106648 0.090651
2454187 2007/03/27 Tue 664.00 13.3400 1239.00 0.86326 1.3356 0.0084885 1.9663 0.82424 0.80887 0.12799 0.71823 0.00106267 0.090470
2454188 2007/03/28 Wed 666.75 13.3600 1246.00 0.86356 1.3332 0.0085604 1.9609 0.82297 0.80639 0.12797 0.71071 0.00106477 0.090155
2454189 2007/03/29 Thu 661.00 13.3400 1241.00 0.86371 1.3336 0.0084919 1.9626 0.82199 0.80774 0.12799 0.71437 0.00106322 0.090430
2454190 2007/03/30 Fri 661.75 13.3500 1244.00 0.86738 1.3373 0.0085055 1.9687 0.82470 0.81039 0.12798 0.71568 0.00106254 0.090554
2454193 2007/04/02 Mon 658.25 13.3350 1235.00 0.86498 1.3373 0.0084958 1.9785 0.82372 0.81662 0.12795 0.72139 0.00106738 0.090650
2454194 2007/04/03 Tue 664.25 13.2800 1245.00 0.86408 1.3364 0.0084145 1.9780 0.82027 0.81301 0.12795 0.72056 0.00106800 0.091074
2454195 2007/04/04 Wed 672.25 13.4500 1248.00 0.86326 1.3363 0.0084237 1.9752 0.82001 0.81785 0.12793 0.72056 0.00106785 0.090901
2454196 2007/04/05 Thu 673.50 13.5800 1251.00 0.86889 1.3425 0.0084282 1.9707 0.82335 0.81919 0.12793 0.72282 0.00107220 0.090972
2454200 2007/04/09 Mon 0.0 0.0 0.0 0.86791 1.3366 0.0083831 1.9608 0.81627 0.81661 0.12791 0.72010 0.00107186 0.091130
2454201 2007/04/10 Tue 677.40 13.8400 1262.00 0.87108 1.3438 0.0083989 1.9718 0.82212 0.82509 0.12799 0.72883 0.00107056 0.090767
2454202 2007/04/11 Wed 678.20 13.9200 1265.00 0.87336 1.3436 0.0083773 1.9786 0.82000 0.82594 0.12799 0.72812 0.00107249 0.091004
2454203 2007/04/12 Thu 677.25 13.8400 1265.00 0.88005 1.3484 0.0084027 1.9768 0.82258 0.82751 0.12797 0.72868 0.00107366 0.090821
2454204 2007/04/13 Fri 681.75 13.8800 1266.00 0.87874 1.3518 0.0083849 1.9828 0.82267 0.83251 0.12800 0.73744 0.00107645 0.090949
2454207 2007/04/16 Mon 686.50 14.0900 1276.00 0.88417 1.3549 0.0083439 1.9905 0.82413 0.83263 0.12798 0.74076 0.00107604 0.090981
2454208 2007/04/17 Tue 688.00 13.9600 1270.00 0.88543 1.3568 0.0084062 2.0060 0.82699 0.83664 0.12801 0.74429 0.00107579 0.091022
2454209 2007/04/18 Wed 688.75 13.9600 1281.00 0.88590 1.3573 0.0084550 2.0041 0.82947 0.83531 0.12804 0.74309 0.00107725 0.090982
2454210 2007/04/19 Thu 681.90 13.8350 1292.00 0.88605 1.3605 0.0084476 2.0027 0.83014 0.83537 0.12798 0.74366 0.00107656 0.090909
2454211 2007/04/20 Fri 691.40 13.8700 1317.00 0.89071 1.3601 0.0084154 2.0045 0.82774 0.83620 0.12798 0.74615 0.00107776 0.091031
2454214 2007/04/23 Mon 688.70 13.8600 1318.00 0.89071 1.3579 0.0084395 2.0015 0.82729 0.83380 0.12796 0.74606 0.00107954 0.091209
2454215 2007/04/24 Tue 688.40 14.0300 1321.00 0.89055 1.3622 0.0084371 2.0027 0.83106 0.82839 0.12794 0.74254 0.00107846 0.090925
2454216 2007/04/25 Wed 684.00 13.7900 1307.00 0.89726 1.3646 0.0084289 2.0040 0.83131 0.83311 0.12791 0.74509 0.00107941 0.091431
2454217 2007/04/26 Thu 673.00 13.6600 1300.00 0.89270 1.3590 0.0083673 1.9903 0.82699 0.82548 0.12786 0.73719 0.00107659 0.091502
2454218 2007/04/27 Fri 677.50 13.3500 1281.00 0.89662 1.3625 0.0083610 1.9982 0.82758 0.83107 0.12785 0.74097 0.00107594 0.091545
2454221 2007/04/30 Mon 677.00 13.5000 1286.00 0.90359 1.3659 0.0083727 1.9999 0.82904 0.83248 0.12785 0.74239 0.00107436 0.091533
2454222 2007/05/01 Tue 673.60 13.4500 1285.00 0.90179 1.3600 0.0083479 1.9994 0.82289 0.82866 0.12784 0.74164 0.00107404 0.091442
2454223 2007/05/02 Wed 669.50 13.1800 1285.00 0.90196 1.3596 0.0083296 1.9909 0.82394 0.82484 0.12785 0.73861 0.00107513 0.091458
2454224 2007/05/03 Thu 674.20 13.3300 1299.00 0.90334 1.3565 0.0083099 1.9878 0.82295 0.82421 0.12785 0.73623 0.00107859 0.091780
2454225 2007/05/04 Fri 688.80 13.4000 1311.00 0.90342 1.3587 0.0083214 1.9931 0.82555 0.82058 0.12786 0.73512 0.00107778 0.091878
2454228 2007/05/07 Mon 0.0 0.0 0.0 0.90711 1.3616 0.0083354 1.9944 0.82674 0.82538 0.12790 0.73784 0.00108400 0.092163
2454229 2007/05/08 Tue 684.25 13.4800 1328.00 0.90514 1.3532 0.0083409 1.9900 0.82087 0.82757 0.12791 0.73715 0.00108345 0.092143
2454230 2007/05/09 Wed 683.00 13.4500 1326.00 0.90383 1.3549 0.0083469 1.9964 0.82194 0.82845 0.12788 0.73436 0.00108279 0.092372
2454231 2007/05/10 Thu 673.50 13.2900 0.0 0.90310 1.3512 0.0083067 1.9831 0.82010 0.83193 0.12787 0.73259 0.00108101 0.092477
2454232 2007/05/11 Fri 669.00 13.0400 1324.00 0.89807 1.3519 0.0083197 1.9823 0.82057 0.83251 0.12787 0.73399 0.00107948 0.092411
2454235 2007/05/14 Mon 670.20 13.1900 1329.00 0.90342 1.3543 0.0083088 1.9801 0.82003 0.83322 0.12801 0.73792 0.00108230 0.092601
2454236 2007/05/15 Tue 668.25 13.0200 1320.00 0.91100 1.3603 0.0083174 1.9861 0.82400 0.83474 0.12797 0.73864 0.00108226 0.092648
2454237 2007/05/16 Wed 667.75 13.1600 1326.00 0.90670 1.3521 0.0082827 1.9775 0.81820 0.82464 0.12790 0.73289 0.00108260 0.092665
2454238 2007/05/17 Thu 656.75 12.9000 1302.00 0.91100 1.3494 0.0082436 1.9747 0.81498 0.82181 0.12787 0.73044 0.00108226 0.092557
2454239 2007/05/18 Fri 657.00 12.8700 1308.00 0.91878 1.3510 0.0082571 1.9755 0.81514 0.82479 0.12789 0.73089 0.00107038 0.092337
2454243 2007/05/22 Tue 662.00 13.0700 1294.00 0.92123 1.3463 0.0082321 1.9768 0.81290 0.82128 0.12782 0.72741 0.00107508 0.092860
2454244 2007/05/23 Wed 662.05 12.9600 1295.00 0.92439 1.3482 0.0082289 1.9880 0.81521 0.82464 0.12783 0.73100 0.00107321 0.092808
2454245 2007/05/24 Thu 659.00 13.0400 1290.00 0.92242 1.3429 0.0082326 1.9851 0.81330 0.82068 0.12782 0.72512 0.00107370 0.092335
2454246 2007/05/25 Fri 655.30 12.9250 1276.00 0.92627 1.3451 0.0082151 1.9843 0.81419 0.81882 0.12784 0.72629 0.00107725 0.092812
2454249 2007/05/28 Mon 0.0 0.0 0.0 0.92584 1.3453 0.0082196 1.9832 0.81400 0.81955 0.12788 0.72642 0.00107675 0.092769
2454250 2007/05/29 Tue 660.15 13.0300 1267.00 0.93292 1.3483 0.0082107 1.9812 0.81780 0.82022 0.12788 0.72908 0.00107753 0.092639
2454251 2007/05/30 Wed 652.65 13.1100 1257.00 0.92989 1.3418 0.0082313 1.9745 0.81560 0.82202 0.12813 0.73043 0.00107402 0.092486
2454252 2007/05/31 Thu 659.10 13.2500 1262.00 0.93467 1.3452 0.0082130 1.9796 0.81606 0.82709 0.12806 0.73642 0.00107767 0.093121
2454253 2007/06/01 Fri 666.50 13.5300 1290.00 0.94304 1.3439 0.0081894 1.9806 0.81299 0.83129 0.12803 0.74349 0.00107695 0.093352
2454256 2007/06/04 Mon 671.10 13.6700 1292.00 0.94518 1.3488 0.0082145 1.9923 0.81767 0.83412 0.12810 0.74717 0.00107751 0.093053
2454257 2007/06/05 Tue 671.50 13.7100 1296.00 0.94286 1.3525 0.0082312 1.9939 0.82057 0.83707 0.12806 0.75146 0.00107864 0.092617
2454258 2007/06/06 Wed 669.70 13.6900 1288.00 0.94464 1.3490 0.0082590 1.9914 0.82118 0.84073 0.12801 0.75043 0.00107878 0.092103
2454259 2007/06/07 Thu 668.75 13.6500 1288.00 0.94224 1.3456 0.0082408 1.9796 0.81673 0.84463 0.12796 0.75521 0.00107887 0.091756
2454260 2007/06/08 Fri 655.25 13.3100 1300.00 0.94144 1.3359 0.0082216 1.9656 0.81002 0.84250 0.12794 0.75654 0.00107419 0.091075
2454263 2007/06/11 Mon 650.30 13.1600 1288.00 0.94215 1.3360 0.0082108 1.9684 0.80733 0.84247 0.12797 0.74920 0.00107217 0.091615
2454264 2007/06/12 Tue 647.25 13.1500 1290.00 0.94029 1.3325 0.0082116 1.9749 0.80498 0.84391 0.12793 0.75205 0.00107569 0.091537
2454265 2007/06/13 Wed 647.65 12.8600 1275.00 0.93747 1.3294 0.0081720 1.9728 0.80341 0.84016 0.12796 0.75045 0.00107340 0.091253
2454266 2007/06/14 Thu 653.25 13.0400 1276.00 0.93598 1.3311 0.0081318 1.9697 0.80307 0.83489 0.12792 0.75009 0.00107544 0.091670
2454267 2007/06/15 Fri 653.10 13.0600 1278.00 0.93642 1.3364 0.0080934 1.9763 0.80457 0.83978 0.12789 0.75316 0.00107688 0.092499
2454270 2007/06/18 Mon 656.00 13.3100 1293.00 0.93275 1.3401 0.0080851 1.9822 0.80580 0.84199 0.12792 0.75375 0.00107732 0.092864
2454271 2007/06/19 Tue 656.30 13.1900 1289.00 0.93994 1.3416 0.0081032 1.9883 0.80618 0.84595 0.12792 0.75787 0.00107811 0.093101
2454272 2007/06/20 Wed 657.70 13.3400 1295.00 0.93932 1.3428 0.0080903 1.9936 0.80800 0.84567 0.12797 0.76235 0.00107740 0.092767
2454273 2007/06/21 Thu 650.50 13.1700 1290.00 0.93197 1.3399 0.0080858 1.9922 0.80606 0.84679 0.12800 0.76198 0.00107828 0.092423
2454274 2007/06/22 Fri 652.85 13.1550 1301.00 0.93668 1.3438 0.0080573 1.9975 0.81191 0.84817 0.12795 0.76705 0.00107718 0.092638
2454277 2007/06/25 Mon 650.75 13.1700 1290.00 0.93344 1.3450 0.0080743 1.9961 0.81266 0.84794 0.12800 0.76626 0.00107906 0.092458
2454278 2007/06/26 Tue 647.00 12.8500 1273.00 0.93519 1.3468 0.0080969 1.9995 0.81399 0.84729 0.12799 0.76667 0.00107921 0.092284
2454279 2007/06/27 Wed 642.10 12.2600 1266.00 0.93318 1.3433 0.0081616 1.9965 0.81355 0.83753 0.12796 0.75877 0.00107783 0.092021
2454280 2007/06/28 Thu 647.25 12.4250 1266.00 0.94100 1.3467 0.0081293 2.0021 0.81387 0.84605 0.12793 0.76917 0.00107933 0.092707
2454281 2007/06/29 Fri 650.50 12.5400 1273.00 0.94038 1.3519 0.0081042 2.0061 0.81700 0.84907 0.12789 0.77290 0.00108238 0.092675
2454285 2007/07/03 Tue 654.25 12.6000 1281.00 0.94375 1.3615 0.0081701 2.0167 0.82286 0.85428 0.12799 0.78105 0.00108909 0.092846
2454286 2007/07/04 Wed 654.15 12.6050 1283.00 0.94607 1.3623 0.0081542 2.0157 0.82214 0.85790 0.12800 0.78174 0.00108704 0.092980
2454287 2007/07/05 Thu 651.00 12.6000 1290.00 0.94643 1.3592 0.0081412 2.0114 0.82113 0.85614 0.12791 0.78289 0.00108461 0.092637
2454288 2007/07/06 Fri 648.75 12.4000 1287.00 0.95420 1.3626 0.0081117 2.0117 0.82099 0.85677 0.12791 0.78225 0.00108779 0.092758
2454291 2007/07/09 Mon 0.0 0.0 0.0 0.95429 1.3622 0.0081077 2.0166 0.82174 0.86029 0.12796 0.78089 0.00108598 0.092967
2454292 2007/07/10 Tue 661.70 12.7600 1296.00 0.95048 1.3714 0.0081836 2.0247 0.82806 0.86208 0.12794 0.77920 0.00108735 0.092757
2454293 2007/07/11 Wed 663.00 12.9500 1306.00 0.94715 1.3757 0.0081881 2.0316 0.83037 0.86133 0.12794 0.77922 0.00108827 0.092375
2454294 2007/07/12 Thu 667.25 12.9500 0.0 0.95520 1.3776 0.0081613 2.0288 0.83102 0.86398 0.12793 0.78183 0.00108893 0.092750
2454295 2007/07/13 Fri 666.50 13.1250 1313.00 0.95447 1.3787 0.0081970 2.0344 0.83191 0.86857 0.12788 0.78582 0.00109096 0.092889
2454298 2007/07/16 Mon 666.00 13.0300 1313.00 0.95877 1.3783 0.0082042 2.0373 0.83202 0.87220 0.12787 0.79204 0.00108917 0.092838
2454299 2007/07/17 Tue 666.50 12.9000 1309.00 0.95822 1.3782 0.0081717 2.0454 0.83126 0.87313 0.12787 0.79092 0.00108950 0.092938
2454300 2007/07/18 Wed 666.75 12.9400 1309.00 0.95813 1.3807 0.0082073 2.0533 0.83348 0.87765 0.12787 0.79381 0.00109131 0.093015
2454301 2007/07/19 Thu 674.50 13.2500 1322.00 0.95914 1.3811 0.0081920 2.0487 0.83167 0.87944 0.12786 0.79197 0.00109150 0.093209
2454302 2007/07/20 Fri 681.60 13.2900 1332.00 0.95785 1.3830 0.0082529 2.0565 0.83343 0.87950 0.12787 0.79636 0.00109291 0.092615
2454305 2007/07/23 Mon 682.00 13.3400 1329.00 0.95685 1.3818 0.0082413 2.0585 0.82949 0.88346 0.12787 0.80365 0.00109272 0.092957
2454306 2007/07/24 Tue 684.30 13.3400 1333.00 0.96413 1.3824 0.0082935 2.0626 0.82983 0.88392 0.12784 0.80872 0.00109429 0.092672
2454307 2007/07/25 Wed 674.75 13.1750 1317.00 0.95923 1.3710 0.0083108 2.0509 0.82369 0.88269 0.12781 0.80307 0.00109449 0.092000
2454308 2007/07/26 Thu 670.00 13.1300 1314.00 0.95193 1.3731 0.0083922 2.0486 0.82856 0.87796 0.12781 0.79115 0.00108901 0.091366
2454309 2007/07/27 Fri 660.50 12.7500 1284.00 0.94429 1.3645 0.0084354 2.0290 0.82823 0.85571 0.12780 0.76516 0.00108499 0.090812
2454312 2007/07/30 Mon 661.50 12.7300 1270.00 0.93580 1.3681 0.0084447 2.0237 0.83231 0.85083 0.12780 0.76230 0.00108273 0.091072
2454313 2007/07/31 Tue 665.50 12.9300 1292.00 0.93835 1.3712 0.0083926 2.0361 0.83185 0.85934 0.12777 0.77132 0.00108286 0.091489
2454314 2007/08/01 Wed 665.75 12.7700 1283.00 0.94616 1.3682 0.0084237 2.0308 0.83234 0.85363 0.12773 0.76232 0.00108146 0.091239
2454315 2007/08/02 Thu 666.25 12.9600 1287.00 0.94994 1.3691 0.0083784 2.0345 0.82910 0.85931 0.12775 0.76954 0.00108388 0.091460
2454316 2007/08/03 Fri 670.50 12.9600 1286.00 0.94985 1.3785 0.0084432 2.0424 0.83796 0.85724 0.12774 0.76425 0.00108378 0.091195
2454320 2007/08/07 Tue 668.00 12.9900 1282.00 0.94760 1.3748 0.0084412 2.0201 0.83654 0.85435 0.12774 0.76092 0.00108310 0.091178
2454321 2007/08/08 Wed 675.50 13.0300 1286.00 0.95247 1.3809 0.0083475 2.0368 0.83703 0.86161 0.12774 0.76836 0.00108201 0.091513
2454322 2007/08/09 Thu 662.60 12.9750 1268.00 0.94652 1.3700 0.0084260 2.0270 0.83549 0.85405 0.12782 0.75759 0.00108377 0.091084
2454323 2007/08/10 Fri 668.50 12.6900 1269.00 0.94913 1.3686 0.0084747 2.0217 0.83542 0.84548 0.12788 0.74602 0.00107346 0.090917
2454326 2007/08/13 Mon 668.75 12.8700 1276.00 0.95156 1.3624 0.0084395 2.0123 0.82929 0.84299 0.12782 0.74013 0.00107527 0.091007
2454327 2007/08/14 Tue 668.35 12.7600 1272.00 0.94020 1.3581 0.0084609 2.0003 0.82672 0.83810 0.12783 0.73044 0.00107277 0.090523
2454328 2007/08/15 Wed 667.25 12.5100 1262.00 0.93058 1.3479 0.0085325 1.9922 0.82096 0.82412 0.12787 0.71562 0.00107296 0.089903
2454329 2007/08/16 Thu 662.25 12.3650 1245.00 0.92980 1.3400 0.0087699 1.9828 0.82083 0.78596 0.12792 0.67801 0.00105625 0.088731
2454330 2007/08/17 Fri 657.50 11.6900 1245.00 0.94029 1.3490 0.0087851 1.9824 0.83028 0.78881 0.12798 0.68848 0.00105219 0.089817
2454333 2007/08/20 Mon 659.50 11.9500 1249.00 0.94500 1.3467 0.0087328 1.9827 0.82867 0.80060 0.12789 0.69581 0.00106029 0.089898
2454334 2007/08/21 Tue 657.50 11.6700 1244.00 0.94331 1.3482 0.0087397 1.9811 0.83106 0.79992 0.12808 0.69597 0.00106028 0.089925
2454335 2007/08/22 Wed 659.50 11.6800 1240.00 0.94153 1.3534 0.0086988 1.9916 0.82902 0.80416 0.12807 0.70050 0.00105922 0.090387
2454336 2007/08/23 Thu 660.75 11.8800 0.0 0.94625 1.3560 0.0086336 2.0034 0.82911 0.81330 0.12805 0.70875 0.00106170 0.090282
2454337 2007/08/24 Fri 660.85 11.7000 1240.00 0.95012 1.3644 0.0086118 2.0099 0.83221 0.82413 0.12819 0.71819 0.00106223 0.090651
2454340 2007/08/27 Mon 0.0 0.0 0.0 0.95093 1.3646 0.0086164 2.0132 0.83102 0.82874 0.12814 0.71796 0.00106504 0.090586
2454341 2007/08/28 Tue 666.00 11.8300 1255.00 0.94206 1.3625 0.0087179 2.0064 0.83288 0.82063 0.12821 0.70297 0.00106453 0.090089
2454342 2007/08/29 Wed 664.25 11.8000 1260.00 0.94411 1.3674 0.0086575 2.0181 0.83440 0.81883 0.12813 0.70251 0.00106118 0.090210
2454343 2007/08/30 Thu 666.00 11.8600 1266.00 0.94634 1.3647 0.0086344 2.0157 0.83108 0.81821 0.12824 0.70427 0.00106369 0.090205
2454344 2007/08/31 Fri 672.00 11.9500 1268.00 0.94661 1.3640 0.0086322 2.0166 0.82838 0.81541 0.12825 0.70191 0.00106588 0.090638
2454348 2007/09/04 Tue 678.75 12.0950 1270.00 0.95274 1.3605 0.0086042 2.0110 0.82584 0.82422 0.12829 0.69855 0.00106517 0.090673
2454349 2007/09/05 Wed 680.25 12.2150 1273.00 0.95166 1.3669 0.0086839 2.0221 0.83165 0.82432 0.12832 0.68986 0.00106585 0.090188
2454350 2007/09/06 Thu 688.15 12.2450 1281.00 0.94940 1.3697 0.0086708 2.0240 0.83272 0.82749 0.12842 0.69154 0.00106522 0.090449
2454351 2007/09/07 Fri 701.00 12.5700 1289.00 0.94823 1.3772 0.0088052 2.0284 0.84155 0.82590 0.12841 0.68879 0.00106581 0.089873
2454354 2007/09/10 Mon 703.50 12.5600 1292.00 0.94940 1.3793 0.0088151 2.0285 0.84316 0.82379 0.12859 0.69353 0.00106427 0.089709
2454355 2007/09/11 Tue 704.15 12.5700 1292.00 0.95868 1.3837 0.0087738 2.0318 0.84277 0.83089 0.12842 0.70156 0.00106797 0.090030
2454356 2007/09/12 Wed 706.00 12.6600 1299.00 0.96423 1.3904 0.0087533 2.0315 0.84428 0.83994 0.12840 0.71382 0.00107222 0.090348
2454357 2007/09/13 Thu 704.50 12.4700 1297.00 0.96843 1.3884 0.0086674 2.0275 0.84224 0.83934 0.12838 0.71693 0.00107399 0.090296
2454358 2007/09/14 Fri 716.35 12.5000 1294.00 0.97153 1.3848 0.0086719 2.0066 0.83931 0.84154 0.12841 0.71252 0.00107743 0.090003
2454361 2007/09/17 Mon 725.50 12.5900 1298.00 0.97012 1.3860 0.0087020 1.9918 0.84196 0.83285 0.12841 0.70421 0.00107683 0.089697
2454362 2007/09/18 Tue 714.75 12.9600 1300.00 0.97694 1.3869 0.0086391 1.9973 0.84095 0.83627 0.12839 0.70985 0.00107757 0.090133
2454363 2007/09/19 Wed 725.15 12.9950 1306.00 0.98551 1.3950 0.0086065 1.9983 0.84360 0.85562 0.12845 0.73283 0.00107914 0.091003
2454364 2007/09/20 Thu 734.50 13.1700 1323.00 0.99840 1.4092 0.0087570 2.0131 0.85473 0.86401 0.12849 0.74261 0.00108327 0.091184
2454365 2007/09/21 Fri 737.00 13.4700 1332.00 0.99910 1.4075 0.0086502 2.0207 0.85203 0.86472 0.12848 0.74143 0.00108602 0.091338
2454368 2007/09/24 Mon 730.00 13.6200 1331.00 0.99880 1.4085 0.0086995 2.0222 0.85178 0.86666 0.12864 0.74501 0.00108570 0.091420
2454369 2007/09/25 Tue 728.40 13.2800 1333.00 0.99900 1.4128 0.0087333 2.0168 0.85604 0.86903 0.12873 0.73916 0.00108591 0.091388
2454370 2007/09/26 Wed 734.75 13.4400 1348.00 0.99522 1.4125 0.0086445 2.0158 0.85390 0.87480 0.12875 0.74443 0.00108579 0.091511
2454371 2007/09/27 Thu 731.75 13.5100 1350.00 0.99691 1.4137 0.0086393 2.0239 0.85206 0.87758 0.12887 0.74788 0.00108663 0.091517
2454372 2007/09/28 Fri 743.00 13.6500 1377.00 1.00371 1.4219 0.0086971 2.0388 0.85666 0.88547 0.12871 0.75669 0.00109304 0.091468
2454375 2007/10/01 Mon 742.50 13.7750 1377.00 1.00695 1.4227 0.0086265 2.0434 0.85591 0.89296 0.12871 0.76589 0.00109455 0.091633
2454376 2007/10/02 Tue 731.00 13.2800 1359.00 0.99960 1.4163 0.0086326 2.0417 0.85106 0.88445 0.12882 0.76060 0.00109456 0.091664
2454377 2007/10/03 Wed 730.25 13.3500 1359.00 1.00392 1.4131 0.0085665 2.0368 0.84811 0.88807 0.12888 0.76007 0.00109427 0.091969
2454378 2007/10/04 Thu 725.50 13.2200 1357.00 1.00170 1.4126 0.0085755 2.0391 0.85085 0.88821 0.12888 0.75508 0.00109085 0.091816
2454379 2007/10/05 Fri 737.00 13.4350 1364.00 1.01916 1.4153 0.0085589 2.0435 0.85038 0.89971 0.12893 0.76264 0.00109152 0.092172
2454383 2007/10/09 Tue 736.00 13.2100 1367.00 1.01564 1.4091 0.0085466 2.0329 0.84461 0.89742 0.12886 0.76214 0.00108877 0.092342
2454384 2007/10/10 Wed 741.25 13.6200 1389.00 1.01895 1.4155 0.0085337 2.0432 0.84685 0.89912 0.12893 0.76360 0.00109130 0.092245
2454385 2007/10/11 Thu 749.00 13.6700 1395.00 1.02638 1.4228 0.0084953 2.0341 0.84738 0.90424 0.12894 0.77358 0.00109002 0.092487
2454386 2007/10/12 Fri 749.50 13.7900 1416.00 1.02680 1.4167 0.0085101 2.0339 0.84362 0.90420 0.12896 0.77513 0.00108943 0.092381
2454389 2007/10/15 Mon 758.85 13.9500 1426.00 1.02480 1.4216 0.0085202 2.0419 0.84761 0.90111 0.12897 0.76522 0.00109039 0.092509
2454390 2007/10/16 Tue 756.75 13.6600 1410.00 1.02260 1.4164 0.0085745 2.0325 0.84518 0.88588 0.12896 0.74506 0.00109009 0.092259
2454391 2007/10/17 Wed 762.50 13.6000 1421.00 1.02701 1.4209 0.0085735 2.0386 0.84626 0.89422 0.12896 0.75331 0.00108863 0.092462
2454392 2007/10/18 Thu 764.50 13.6800 1446.00 1.02733 1.4290 0.0086481 2.0456 0.85484 0.89440 0.12901 0.75262 0.00109000 0.092460
2454393 2007/10/19 Fri 763.00 13.8300 1452.00 1.03756 1.4263 0.0086844 2.0484 0.85329 0.89323 0.12902 0.75171 0.00109151 0.092633
2454396 2007/10/22 Mon 751.25 13.3500 1431.00 1.01926 1.4137 0.0087656 2.0277 0.84894 0.87840 0.12902 0.74090 0.00109061 0.092263
2454397 2007/10/23 Tue 758.25 13.5700 1447.00 1.03370 1.4249 0.0087213 2.0494 0.85270 0.89415 0.12902 0.75253 0.00108952 0.092341
2454398 2007/10/24 Wed 757.50 13.4400 1437.00 1.02965 1.4236 0.0087757 2.0489 0.85286 0.89960 0.12901 0.75123 0.00108937 0.092225
2454399 2007/10/25 Thu 767.50 13.7250 1447.00 1.03370 1.4299 0.0087648 2.0485 0.85673 0.90583 0.12903 0.76070 0.00109055 0.092258
2454400 2007/10/26 Fri 779.15 14.0700 1454.00 1.03961 1.4389 0.0087712 2.0514 0.85996 0.91621 0.12902 0.76495 0.00109991 0.092920
2454403 2007/10/29 Mon 788.50 14.4100 1457.00 1.04734 1.4403 0.0087191 2.0608 0.85809 0.92124 0.12901 0.76812 0.00110285 0.093339
2454404 2007/10/30 Tue 783.25 14.1750 1443.00 1.04877 1.4425 0.0087153 2.0670 0.86093 0.91852 0.12903 0.76623 0.00110226 0.093299
2454405 2007/10/31 Wed 789.35 14.3200 1440.00 1.05274 1.4467 0.0086746 2.0775 0.86282 0.92694 0.12902 0.76913 0.00110222 0.093431
2454406 2007/11/01 Thu 790.25 14.3600 1443.00 1.05274 1.4434 0.0087041 2.0819 0.86230 0.91841 0.12891 0.76261 0.00110643 0.093747
2454407 2007/11/02 Fri 796.50 14.3200 1439.00 1.06849 1.4480 0.0087146 2.0818 0.86633 0.91773 0.12890 0.76098 0.00110268 0.093450
2454410 2007/11/05 Mon 804.75 14.4900 1458.00 1.07078 1.4468 0.0087312 2.0798 0.86680 0.91958 0.12880 0.76689 0.00110183 0.093190
2454411 2007/11/06 Tue 822.50 14.9600 1472.00 1.08167 1.4555 0.0087312 2.0858 0.87302 0.92526 0.12881 0.77588 0.00110114 0.093434
2454412 2007/11/07 Wed 834.50 15.8200 1470.00 1.09051 1.4665 0.0088277 2.1042 0.88200 0.93697 0.12878 0.78375 0.00110360 0.093141
2454413 2007/11/08 Thu 841.10 15.3600 1462.00 1.07458 1.4691 0.0088771 2.1105 0.88761 0.92651 0.12876 0.77628 0.00110144 0.092446
2454414 2007/11/09 Fri 831.50 15.1500 1434.00 1.06485 1.4664 0.0090161 2.0912 0.89032 0.91428 0.12850 0.76680 0.00110318 0.091886
2454418 2007/11/13 Tue 804.25 14.6750 1415.00 1.03702 1.4599 0.0090646 2.0728 0.88852 0.88935 0.12842 0.75422 0.00108887 0.091807
2454419 2007/11/14 Wed 813.50 14.9700 1440.00 1.04091 1.4670 0.0089768 2.0584 0.89102 0.90008 0.12838 0.76465 0.00109504 0.091965
2454420 2007/11/15 Thu 794.00 14.8200 1423.00 1.01958 1.4639 0.0090263 2.0477 0.89081 0.89213 0.12842 0.75816 0.00109197 0.091569
2454421 2007/11/16 Fri 789.75 14.4500 0.0 1.02785 1.4651 0.0090050 2.0480 0.89515 0.89074 0.12849 0.75557 0.00109055 0.091489
2454424 2007/11/19 Mon 778.85 14.5200 1455.00 1.01657 1.4660 0.0090861 2.0478 0.89580 0.88340 0.12850 0.75450 0.00108773 0.090963
2454425 2007/11/20 Tue 795.50 14.3600 1460.00 1.01523 1.4786 0.0090863 2.0650 0.90091 0.88731 0.12854 0.76213 0.00108427 0.091239
2454426 2007/11/21 Wed 798.00 14.5500 1468.00 1.01061 1.4827 0.0092127 2.0582 0.90601 0.86953 0.12852 0.75038 0.00107630 0.090894
2454427 2007/11/22 Thu 803.25 14.5200 1468.00 1.01564 1.4848 0.0092169 2.0600 0.90778 0.86979 0.12852 0.75066 0.00107150 0.091072
2454428 2007/11/23 Fri 815.25 14.5500 1475.00 1.01174 1.4825 0.0092443 2.0563 0.90693 0.87425 0.12855 0.75567 0.00107447 0.091117
2454431 2007/11/26 Mon 830.00 14.8850 1475.00 1.01245 1.4860 0.0092447 2.0678 0.90867 0.87780 0.12846 0.75539 0.00107623 0.091009
2454432 2007/11/27 Tue 810.75 14.6500 1456.00 1.00351 1.4816 0.0092032 2.0654 0.90456 0.87426 0.12847 0.75765 0.00107576 0.091109
2454433 2007/11/28 Wed 801.75 14.2750 1420.00 1.00929 1.4749 0.0090574 2.0689 0.89393 0.88151 0.12847 0.77029 0.00107388 0.091452
2454434 2007/11/29 Thu 794.50 14.3800 1440.00 1.00715 1.4766 0.0090955 2.0642 0.89485 0.88277 0.12839 0.77208 0.00107664 0.091419
2454435 2007/11/30 Fri 783.50 14.2300 1440.00 0.99920 1.4688 0.0090068 2.0566 0.88590 0.88469 0.12841 0.76669 0.00108513 0.091727
2454438 2007/12/03 Mon 784.25 13.8600 1450.00 0.99950 1.4657 0.0090545 2.0657 0.88566 0.88266 0.12840 0.76652 0.00108146 0.091675
2454439 2007/12/04 Tue 797.50 14.2500 1464.00 0.98971 1.4759 0.0091172 2.0575 0.89509 0.87243 0.12835 0.76217 0.00108373 0.091677
2454440 2007/12/05 Wed 793.00 14.3400 1468.00 0.98707 1.4665 0.0090198 2.0287 0.88896 0.87099 0.12829 0.76833 0.00108281 0.092133
2454441 2007/12/06 Thu 801.50 14.0600 1460.00 0.98775 1.4638 0.0090034 2.0288 0.88681 0.87287 0.12831 0.77291 0.00108455 0.092276
2454442 2007/12/07 Fri 792.50 14.4400 1458.00 0.99473 1.4663 0.0089505 2.0288 0.88521 0.88063 0.12830 0.77927 0.00108823 0.092470
2454445 2007/12/10 Mon 809.50 14.3800 1463.00 0.98981 1.4713 0.0089607 2.0455 0.88676 0.88281 0.12826 0.77917 0.00108285 0.092428
2454446 2007/12/11 Tue 808.75 14.6150 1462.00 0.98931 1.4701 0.0089454 2.0385 0.88247 0.88652 0.12825 0.78275 0.00108231 0.092580
2454447 2007/12/12 Wed 814.00 14.6350 1474.00 0.98941 1.4702 0.0088998 2.0495 0.88057 0.88572 0.12823 0.78965 0.00107945 0.092490
2454448 2007/12/13 Thu 800.70 14.6100 1477.00 0.97876 1.4590 0.0089077 2.0392 0.87462 0.87442 0.12826 0.78174 0.00108153 0.092326
2454449 2007/12/14 Fri 789.50 14.0100 1462.00 0.98648 1.4432 0.0088211 2.0195 0.86683 0.86199 0.12822 0.76739 0.00107527 0.092404
2454452 2007/12/17 Mon 790.75 13.7450 1482.00 0.99275 1.4368 0.0088335 2.0169 0.86777 0.85685 0.12824 0.75350 0.00107118 0.092137
2454453 2007/12/18 Tue 804.25 13.9700 1510.00 0.98961 1.4392 0.0088362 2.0140 0.86739 0.85572 0.12816 0.75111 0.00106482 0.092083
2454454 2007/12/19 Wed 799.75 13.9800 1510.00 0.99443 1.4343 0.0088136 1.9931 0.86476 0.85660 0.12819 0.75487 0.00106404 0.092203
2454455 2007/12/20 Thu 795.25 13.9700 1514.00 1.00170 1.4341 0.0088520 1.9820 0.86476 0.85766 0.12818 0.75588 0.00105980 0.092247
2454456 2007/12/21 Fri 810.50 14.2900 1516.00 1.00563 1.4360 0.0087751 1.9831 0.86454 0.86514 0.12819 0.76458 0.00106295 0.092397
2454459 2007/12/24 Mon 0.0 0.0 0.0 1.01307 1.4408 0.0087368 1.9773 0.86435 0.87043 0.12811 0.76699 0.00106474 0.092473
2454462 2007/12/27 Thu 829.00 14.6700 1544.00 1.01926 1.4601 0.0087707 1.9905 0.87646 0.87727 0.12818 0.76985 0.00106309 0.091998
2454463 2007/12/28 Fri 0.0 0.0 0.0 1.02197 1.4715 0.0088544 1.9929 0.88707 0.87378 0.12813 0.77250 0.00106796 0.091753
2454466 2007/12/31 Mon 0.0 14.7600 0.0 1.01204 1.4602 0.0089505 1.9836 0.88250 0.87744 0.12823 0.76763 0.00106871 0.091580
2454468 2008/01/02 Wed 846.75 14.9300 1541.00 1.00735 1.4738 0.0091145 1.9823 0.89483 0.88113 0.12803 0.77294 0.00106779 0.091719
2454469 2008/01/03 Thu 858.85 15.3800 1535.00 1.00959 1.4734 0.0091247 1.9733 0.89833 0.88198 0.12812 0.77405 0.00106815 0.091963
2454470 2008/01/04 Fri 855.00 15.2750 1545.00 1.00090 1.4786 0.0092263 1.9754 0.90371 0.87608 0.12820 0.77090 0.00106596 0.091513
2454473 2008/01/07 Mon 859.25 15.2400 1531.00 0.99493 1.4680 0.0091653 1.9701 0.89473 0.87116 0.12817 0.76629 0.00106358 0.091593
2454474 2008/01/08 Tue 873.50 15.4850 1543.00 1.00140 1.4717 0.0091488 1.9730 0.89766 0.88113 0.12817 0.77158 0.00106449 0.091849
2454475 2008/01/09 Wed 877.00 16.0000 1550.00 0.99157 1.4662 0.0091403 1.9563 0.89668 0.87992 0.12811 0.77115 0.00106495 0.091115
2454476 2008/01/10 Thu 884.25 15.2750 1538.00 0.98629 1.4740 0.0091419 1.9564 0.90335 0.88894 0.12814 0.78154 0.00106618 0.091251
2454477 2008/01/11 Fri 891.00 16.0600 1565.00 0.98049 1.4787 0.0091646 1.9590 0.90685 0.89263 0.12812 0.78449 0.00106677 0.091548
2454480 2008/01/14 Mon 902.00 16.5000 1577.00 0.97934 1.4876 0.0092429 1.9583 0.91490 0.89795 0.12814 0.78993 0.00106650 0.091627
2454481 2008/01/15 Tue 913.00 16.2400 1575.00 0.98338 1.4841 0.0093402 1.9669 0.91592 0.88740 0.12822 0.78071 0.00106894 0.091582
2454482 2008/01/16 Wed 889.75 15.8500 1561.00 0.97666 1.4643 0.0093222 1.9637 0.90839 0.87812 0.12820 0.76971 0.00106358 0.091425
2454483 2008/01/17 Thu 888.25 15.8880 1564.00 0.97153 1.4689 0.0093452 1.9743 0.90955 0.88274 0.12813 0.76907 0.00105800 0.091402
2454484 2008/01/18 Fri 882.00 15.8250 1560.00 0.97134 1.4616 0.0093608 1.9527 0.90850 0.87586 0.12808 0.75755 0.00106071 0.091413
2454487 2008/01/21 Mon 871.25 15.7700 1547.00 0.96862 1.4440 0.0094402 1.9448 0.90139 0.86256 0.12799 0.74758 0.00105385 0.091079
2454488 2008/01/22 Tue 875.00 15.5700 1538.00 0.97532 1.4606 0.0093689 1.9577 0.91027 0.86814 0.12805 0.76377 0.00104847 0.091505
2454489 2008/01/23 Wed 888.50 15.9500 1546.00 0.97220 1.4573 0.0094818 1.9513 0.91755 0.86545 0.12808 0.75851 0.00104900 0.091299
2454490 2008/01/24 Thu 909.25 16.3500 1591.00 0.99285 1.4736 0.0093725 1.9732 0.91998 0.87887 0.12804 0.77333 0.00105341 0.091789
2454491 2008/01/25 Fri 918.25 16.5300 1681.00 0.99562 1.4672 0.0093180 1.9800 0.91010 0.88152 0.12808 0.77031 0.00105635 0.091975
2454494 2008/01/28 Mon 921.75 16.4400 1693.00 0.99562 1.4789 0.0093757 1.9857 0.91926 0.88321 0.12807 0.77479 0.00105237 0.091966
2454495 2008/01/29 Tue 924.50 16.7500 1690.00 1.00231 1.4767 0.0093385 1.9855 0.91401 0.88945 0.12812 0.77819 0.00105944 0.092243
2454496 2008/01/30 Wed 919.00 16.7600 1686.00 1.00634 1.4781 0.0093237 1.9879 0.91506 0.88930 0.12816 0.78132 0.00105867 0.092311
2454497 2008/01/31 Thu 923.25 16.7400 1731.00 0.99781 1.4840 0.0093684 1.9894 0.92217 0.89673 0.12826 0.78837 0.00105967 0.092427
2454498 2008/02/01 Fri 914.75 17.1900 1755.00 1.00573 1.4850 0.0094066 1.9686 0.92406 0.90334 0.12825 0.79463 0.00105903 0.092487
2454501 2008/02/04 Mon 893.75 16.7000 1786.00 1.00695 1.4832 0.0093686 1.9776 0.91794 0.90907 0.12820 0.79468 0.00106032 0.092649
2454502 2008/02/05 Tue 887.50 16.1500 1768.00 0.99572 1.4638 0.0093498 1.9625 0.90859 0.89963 0.12823 0.78503 0.00105944 0.092373
2454503 2008/02/06 Wed 903.00 16.4800 1813.00 0.99741 1.4646 0.0093676 1.9601 0.91093 0.89827 0.12819 0.78516 0.00106224 0.092449
2454504 2008/02/07 Thu 899.75 16.7000 1827.00 0.98863 1.4494 0.0093604 1.9420 0.90479 0.89411 0.12819 0.79001 0.00106179 0.092625
2454505 2008/02/08 Fri 916.25 16.9500 1860.00 1.00090 1.4502 0.0093174 1.9472 0.90591 0.89431 0.12819 0.78801 0.00106195 0.092954
2454508 2008/02/11 Mon 918.00 17.3700 1924.00 0.99830 1.4504 0.0093760 1.9484 0.90716 0.90267 0.12825 0.78806 0.00105820 0.092812
2454509 2008/02/12 Tue 917.00 17.4600 1937.00 1.00371 1.4592 0.0093064 1.9621 0.90836 0.90574 0.12824 0.79424 0.00105791 0.093033
2454510 2008/02/13 Wed 899.00 16.9800 1907.00 1.00050 1.4568 0.0092457 1.9618 0.90295 0.89334 0.12820 0.78269 0.00105753 0.093016
2454511 2008/02/14 Thu 906.00 17.2600 1981.00 1.00301 1.4636 0.0092628 1.9708 0.91043 0.90331 0.12821 0.78947 0.00105818 0.093050
2454512 2008/02/15 Fri 912.00 17.3800 2060.00 0.99840 1.4674 0.0092882 1.9613 0.91634 0.90675 0.12819 0.78874 0.00105831 0.092921
2454515 2008/02/18 Mon 903.25 17.0100 2179.00 0.99295 1.4647 0.0092444 1.9508 0.90627 0.91312 0.12821 0.79496 0.00105749 0.093168
2454516 2008/02/19 Tue 924.00 17.2500 2145.00 0.98425 1.4741 0.0093012 1.9511 0.91477 0.92027 0.12818 0.79911 0.00105906 0.093061
2454517 2008/02/20 Wed 920.00 17.4200 2073.00 0.98135 1.4662 0.0092610 1.9403 0.90883 0.91462 0.12819 0.79441 0.00105692 0.092601
2454518 2008/02/21 Thu 945.00 17.9800 2180.00 0.99138 1.4811 0.0092932 1.9616 0.91593 0.92059 0.12822 0.80063 0.00105482 0.092604
2454519 2008/02/22 Fri 943.00 17.9400 2155.00 0.98464 1.4824 0.0093452 1.9667 0.92103 0.92044 0.12825 0.80593 0.00105455 0.092793
2454522 2008/02/25 Mon 937.75 18.0600 2144.00 1.00200 1.4822 0.0092685 1.9675 0.92003 0.92314 0.12825 0.80801 0.00105611 0.092655
2454523 2008/02/26 Tue 937.00 18.1200 2123.00 1.01430 1.4889 0.0092829 1.9746 0.92170 0.92910 0.12831 0.81256 0.00105589 0.093164
2454524 2008/02/27 Wed 959.50 19.3300 2140.00 1.02270 1.5131 0.0094007 1.9922 0.93996 0.94181 0.12846 0.81734 0.00106259 0.093137
2454525 2008/02/28 Thu 959.75 19.2400 2131.00 1.02891 1.5172 0.0094650 1.9880 0.94937 0.94619 0.12849 0.81459 0.00106801 0.093641
2454526 2008/02/29 Fri 971.50 19.6200 2150.00 1.02062 1.5187 0.0095979 1.9862 0.95826 0.93693 0.12852 0.80241 0.00106451 0.093223
2454529 2008/03/03 Mon 988.50 20.1600 2174.00 1.01317 1.5194 0.0096565 1.9848 0.95856 0.94083 0.12846 0.80668 0.00105572 0.093455
2454530 2008/03/04 Tue 984.75 20.3200 2273.00 1.00442 1.5210 0.0097389 1.9852 0.96575 0.92266 0.12848 0.79731 0.00105565 0.093301
2454531 2008/03/05 Wed 974.50 19.4800 2189.00 1.01031 1.5281 0.0096151 1.9938 0.96485 0.93171 0.12837 0.80016 0.00105476 0.093434
2454532 2008/03/06 Thu 976.50 20.8000 2230.00 1.01543 1.5355 0.0096974 2.0072 0.97167 0.93166 0.12839 0.80026 0.00105300 0.092872
2454533 2008/03/07 Fri 972.50 20.2200 2082.00 1.00857 1.5332 0.0097367 2.0127 0.97509 0.92819 0.12844 0.79405 0.00104387 0.092214
2454536 2008/03/10 Mon 969.25 19.5700 1947.00 1.00241 1.5370 0.0098216 2.0165 0.98126 0.91750 0.12838 0.79070 0.00103649 0.092152
2454537 2008/03/11 Tue 970.00 20.2500 2055.00 1.00472 1.5327 0.0097217 2.0038 0.97147 0.92484 0.12840 0.79936 0.00103084 0.092575
2454538 2008/03/12 Wed 975.50 19.7000 2051.00 1.01041 1.5494 0.0097667 2.0209 0.97868 0.93210 0.12841 0.80631 0.00102961 0.092756
2454539 2008/03/13 Thu 995.00 20.7900 2100.00 1.01605 1.5582 0.0099421 2.0311 0.98831 0.94107 0.12844 0.81324 0.00101808 0.092776
2454540 2008/03/14 Fri 1003.50 20.4100 2107.00 1.01317 1.5605 0.0099787 2.0292 0.99290 0.93738 0.12848 0.81469 0.00100304 0.092928
2454543 2008/03/17 Mon 1011.25 20.9200 1995.00 1.00220 1.5765 0.0103227 2.0014 1.01433 0.91812 0.12879 0.79915 0.00097615 0.092744
2454544 2008/03/18 Tue 1006.75 20.3800 1998.00 1.00624 1.5784 0.0101832 2.0216 1.01006 0.92705 0.12869 0.80912 0.00099014 0.093309
2454545 2008/03/19 Wed 958.50 19.8800 1890.00 0.99721 1.5641 0.0100618 1.9857 0.99920 0.92122 0.12866 0.80345 0.00098923 0.093478
2454546 2008/03/20 Thu 925.75 17.5300 1823.00 0.97381 1.5415 0.0101178 1.9823 0.98939 0.89590 0.12857 0.78781 0.00099036 0.093251
2454550 2008/03/24 Mon 0.0 0.0 0.0 0.98010 1.5391 0.0099187 1.9851 0.97736 0.90610 0.12855 0.79663 0.00100265 0.093717
2454551 2008/03/25 Tue 926.75 17.5750 1954.00 0.98261 1.5595 0.0099931 1.9997 0.99125 0.91343 0.12856 0.80358 0.00102486 0.093613
2454552 2008/03/26 Wed 946.75 18.0700 1983.00 0.98232 1.5760 0.0100884 2.0017 1.00432 0.91955 0.12849 0.80314 0.00101375 0.093526
2454553 2008/03/27 Thu 946.75 18.2000 2002.00 0.98551 1.5798 0.0100128 2.0095 1.00680 0.91997 0.12851 0.80379 0.00101212 0.093496
2454554 2008/03/28 Fri 934.25 18.3600 1990.00 0.98222 1.5761 0.0100285 1.9892 1.00196 0.91867 0.12852 0.79776 0.00100678 0.093508
2454557 2008/03/31 Mon 933.50 17.9900 2040.00 0.97286 1.5803 0.0100107 1.9853 1.00788 0.91312 0.12849 0.78587 0.00100983 0.094075
2454558 2008/04/01 Tue 887.75 16.7400 1918.00 0.97371 1.5614 0.0098247 1.9772 0.98929 0.90643 0.12842 0.78101 0.00101655 0.094333
2454559 2008/04/02 Wed 890.00 16.8900 1927.00 0.98261 1.5618 0.0097307 1.9826 0.98536 0.91333 0.12840 0.79031 0.00102584 0.094763
2454560 2008/04/03 Thu 896.50 17.1500 1975.00 0.99187 1.5668 0.0097848 1.9961 0.99187 0.91510 0.12835 0.78625 0.00102559 0.094634
2454561 2008/04/04 Fri 905.50 17.4500 1989.00 0.99098 1.5735 0.0098266 1.9944 0.99475 0.92131 0.12835 0.78813 0.00102666 0.094639
2454564 2008/04/07 Mon 926.50 17.9600 2034.00 0.98912 1.5712 0.0097419 1.9855 0.98576 0.92720 0.12836 0.79664 0.00102572 0.094886
2454565 2008/04/08 Tue 915.00 18.0000 2004.00 0.98522 1.5704 0.0097507 1.9688 0.98601 0.92778 0.12841 0.79665 0.00102463 0.094680
2454566 2008/04/09 Wed 917.00 17.4900 1997.00 0.98097 1.5802 0.0098195 1.9722 0.99804 0.92839 0.12836 0.79605 0.00102413 0.094722
2454567 2008/04/10 Thu 928.00 18.3200 2123.00 0.98242 1.5744 0.0098340 1.9742 0.99489 0.93222 0.12843 0.79841 0.00102466 0.094793
2454568 2008/04/11 Fri 927.75 17.9500 2123.00 0.97895 1.5796 0.0098874 1.9705 0.99834 0.92883 0.12839 0.79373 0.00102496 0.094998
2454571 2008/04/14 Mon 926.50 17.4500 1955.00 0.97962 1.5826 0.0099138 1.9816 1.00245 0.92271 0.12835 0.78723 0.00102077 0.095425
2454572 2008/04/15 Tue 929.75 17.8600 1990.00 0.98222 1.5802 0.0098713 1.9626 0.99804 0.92437 0.12832 0.78401 0.00101365 0.095373
2454573 2008/04/16 Wed 945.00 18.0700 2024.00 0.99751 1.5978 0.0098614 1.9753 1.00209 0.93955 0.12830 0.79092 0.00101047 0.095581
2454574 2008/04/17 Thu 946.00 18.5600 2048.00 0.98883 1.5923 0.0097814 1.9908 0.99733 0.93691 0.12834 0.78819 0.00100761 0.095422
2454575 2008/04/18 Fri 908.75 18.1800 2026.00 0.99167 1.5741 0.0095637 1.9962 0.97530 0.92939 0.12830 0.78699 0.00099960 0.095587
2454578 2008/04/21 Mon 918.50 17.8600 2034.00 0.99344 1.5882 0.0096721 1.9812 0.98798 0.94169 0.12831 0.79326 0.00100238 0.095003
2454579 2008/04/22 Tue 918.00 17.5600 1985.00 0.99671 1.6010 0.0097348 1.9991 0.99960 0.94568 0.12832 0.79776 0.00100269 0.095086
2454580 2008/04/23 Wed 898.50 17.5500 2004.00 0.98087 1.5896 0.0096567 1.9784 0.98548 0.94860 0.12826 0.79872 0.00100932 0.095291
2454581 2008/04/24 Thu 895.50 17.0900 1994.00 0.98697 1.5666 0.0095963 1.9716 0.96694 0.93920 0.12835 0.78879 0.00100375 0.095638
2454582 2008/04/25 Fri 891.50 16.6800 1951.00 0.98386 1.5633 0.0095986 1.9832 0.96744 0.93300 0.12835 0.78227 0.00100453 0.095533
2454585 2008/04/28 Mon 890.50 16.9400 1964.00 0.98425 1.5647 0.0095867 1.9906 0.96723 0.93937 0.12837 0.78661 0.00100295 0.095748
2454586 2008/04/29 Tue 880.00 16.7800 1950.00 0.98707 1.5604 0.0096703 1.9745 0.96811 0.93475 0.12833 0.77603 0.00099793 0.094936
2454587 2008/04/30 Wed 871.00 16.4700 1929.00 0.99059 1.5566 0.0095661 1.9845 0.95948 0.94185 0.12829 0.78088 0.00099455 0.095136
2454588 2008/05/01 Thu 853.00 16.6400 1886.00 0.98145 1.5458 0.0096113 1.9749 0.95417 0.93375 0.12831 0.77702 0.00099519 0.095328
2454589 2008/05/02 Fri 853.50 16.1900 1878.00 0.98203 1.5431 0.0094932 1.9754 0.94668 0.93646 0.12828 0.78228 0.00099087 0.095620
2454592 2008/05/05 Mon 0.0 0.0 0.0 0.98765 1.5491 0.0095121 1.9678 0.94865 0.94529 0.12829 0.78558 0.00099160 0.095476
2454593 2008/05/06 Tue 880.00 16.7000 1940.00 0.99651 1.5543 0.0095615 1.9744 0.95336 0.94798 0.12831 0.79143 0.00098455 0.095316
2454594 2008/05/07 Wed 868.25 16.6900 1930.00 0.99790 1.5370 0.0094961 1.9522 0.94491 0.94242 0.12830 0.78236 0.00097096 0.094860
2454595 2008/05/08 Thu 877.00 16.5800 2002.00 0.98532 1.5408 0.0096255 1.9542 0.95133 0.94295 0.12829 0.77308 0.00096069 0.094926
2454596 2008/05/09 Fri 876.00 16.9700 2076.00 0.99394 1.5448 0.0097068 1.9484 0.95845 0.94156 0.12826 0.76673 0.00095716 0.094603
2454599 2008/05/12 Mon 883.50 16.7400 2054.00 0.99611 1.5533 0.0096304 1.9615 0.95746 0.94661 0.12826 0.77069 0.00095727 0.095338
2454600 2008/05/13 Tue 865.00 17.0800 2062.00 0.99950 1.5512 0.0095772 1.9474 0.95342 0.94223 0.12825 0.76782 0.00095452 0.095352
2454601 2008/05/14 Wed 866.50 16.6900 2032.00 0.99800 1.5463 0.0095060 1.9450 0.94701 0.93483 0.12822 0.76238 0.00095409 0.095319
2454602 2008/05/15 Thu 881.25 16.6000 2065.00 1.00020 1.5491 0.0095579 1.9487 0.94939 0.94128 0.12821 0.75945 0.00095619 0.095529
2454603 2008/05/16 Fri 897.00 16.8300 2136.00 1.00321 1.5590 0.0096278 1.9579 0.95746 0.95385 0.12821 0.77368 0.00096409 0.095857
2454607 2008/05/20 Tue 914.50 17.0300 2142.00 1.00705 1.5666 0.0096455 1.9702 0.96365 0.95972 0.12820 0.77573 0.00095469 0.096183
2454608 2008/05/21 Wed 923.00 17.7700 2170.00 1.01585 1.5771 0.0096760 1.9668 0.97115 0.96434 0.12820 0.78048 0.00096100 0.096466
2454609 2008/05/22 Thu 922.75 17.8200 2170.00 1.01410 1.5703 0.0096117 1.9784 0.96857 0.95518 0.12820 0.78461 0.00095731 0.096299
2454610 2008/05/23 Fri 927.50 18.1000 2182.00 1.01184 1.5784 0.0096883 1.9819 0.97693 0.96064 0.12817 0.78761 0.00095619 0.096195
2454613 2008/05/26 Mon 0.0 0.0 0.0 1.01051 1.5775 0.0096696 1.9825 0.97595 0.96069 0.12814 0.78749 0.00095392 0.096301
2454614 2008/05/27 Tue 906.75 18.1400 2157.00 1.00685 1.5730 0.0096154 1.9754 0.97231 0.95872 0.12810 0.78967 0.00095348 0.096185
2454615 2008/05/28 Wed 902.50 17.2600 2054.00 1.00857 1.5628 0.0095511 1.9805 0.96318 0.96157 0.12812 0.78386 0.00096722 0.096702
2454616 2008/05/29 Thu 883.00 17.1700 1987.00 1.01297 1.5527 0.0094774 1.9759 0.95401 0.95442 0.12812 0.77827 0.00097043 0.097032
2454617 2008/05/30 Fri 885.75 16.8500 2008.00 1.00583 1.5558 0.0094809 1.9791 0.95876 0.95503 0.12813 0.78374 0.00097163 0.096811
2454620 2008/06/02 Mon 888.25 16.8600 2015.00 0.99870 1.5549 0.0095776 1.9665 0.96345 0.95466 0.12814 0.78488 0.00097873 0.096704
2454621 2008/06/03 Tue 879.25 16.8200 2009.00 0.99493 1.5453 0.0094996 1.9650 0.95801 0.95443 0.12812 0.78341 0.00098298 0.097174
2454622 2008/06/04 Wed 883.50 16.6700 1997.00 0.98571 1.5451 0.0095239 1.9547 0.96077 0.96048 0.12807 0.78226 0.00098077 0.096895
2454623 2008/06/05 Thu 878.75 16.6500 1974.00 0.98058 1.5559 0.0094332 1.9560 0.96166 0.95656 0.12807 0.76515 0.00097666 0.096970
2454624 2008/06/06 Fri 890.50 17.1900 2050.00 0.98164 1.5734 0.0094935 1.9695 0.97673 0.96024 0.12805 0.76657 0.00096986 0.096447
2454627 2008/06/09 Mon 896.25 17.4600 2047.00 0.97800 1.5717 0.0094279 1.9755 0.97682 0.95227 0.12807 0.76215 0.00096822 0.096499
2454628 2008/06/10 Tue 878.00 16.9400 2032.00 0.97628 1.5472 0.0093283 1.9543 0.96115 0.94474 0.12805 0.75076 0.00097335 0.096251
2454629 2008/06/11 Wed 876.25 16.5800 2022.00 0.98290 1.5561 0.0093650 1.9646 0.96815 0.94860 0.12805 0.75634 0.00097012 0.095822
2454630 2008/06/12 Thu 862.25 16.5900 2005.00 0.97733 1.5417 0.0092631 1.9466 0.95768 0.93423 0.12793 0.75000 0.00096755 0.096248
2454631 2008/06/13 Fri 866.00 16.3100 2043.00 0.97257 1.5367 0.0092657 1.9496 0.95361 0.93882 0.12795 0.75034 0.00095798 0.096460
2454634 2008/06/16 Mon 888.25 16.7300 2045.00 0.97934 1.5472 0.0092429 1.9635 0.95828 0.94036 0.12804 0.75262 0.00096269 0.096758
2454635 2008/06/17 Tue 881.50 17.2200 2047.00 0.98049 1.5518 0.0092568 1.9542 0.95892 0.94274 0.12805 0.75370 0.00097853 0.096922
2454636 2008/06/18 Wed 887.50 17.0000 2103.00 0.98174 1.5500 0.0092538 1.9569 0.96024 0.94404 0.12810 0.75614 0.00097094 0.097134
2454637 2008/06/19 Thu 903.00 17.2200 2067.00 0.98697 1.5501 0.0092627 1.9730 0.95618 0.94986 0.12809 0.76185 0.00097217 0.096911
2454638 2008/06/20 Fri 907.50 17.4400 2068.00 0.98309 1.5625 0.0093079 1.9734 0.96657 0.95389 0.12811 0.76239 0.00096933 0.097316
2454641 2008/06/23 Mon 881.00 17.1900 2045.00 0.98396 1.5491 0.0092689 1.9608 0.95474 0.95060 0.12808 0.75637 0.00096428 0.097097
2454642 2008/06/24 Tue 889.50 16.8500 2037.00 0.98658 1.5592 0.0092788 1.9707 0.96290 0.95728 0.12809 0.75898 0.00096784 0.097149
2454643 2008/06/25 Wed 882.75 16.7000 2012.00 0.98668 1.5569 0.0092343 1.9672 0.95925 0.95382 0.12809 0.75609 0.00096694 0.097178
2454644 2008/06/26 Thu 909.50 16.8800 2068.00 0.98804 1.5737 0.0093202 1.9872 0.97332 0.95712 0.12812 0.75684 0.00096038 0.097342
2454645 2008/06/27 Fri 919.50 17.4000 2053.00 0.98785 1.5748 0.0094083 1.9938 0.97965 0.96098 0.12816 0.76173 0.00095920 0.097066
2454648 2008/06/30 Mon 930.25 17.6500 2064.00 0.98174 1.5748 0.0094178 1.9906 0.98007 0.95622 0.12825 0.76075 0.00095523 0.097045
2454650 2008/07/02 Wed 935.25 17.9200 2070.00 0.98726 1.5869 0.0094452 1.9924 0.98510 0.96337 0.12824 0.76158 0.00096456 0.096416
2454651 2008/07/03 Thu 934.00 18.3100 2033.00 0.97982 1.5709 0.0093631 1.9825 0.97325 0.96022 0.12824 0.75632 0.00095728 0.096434
2454652 2008/07/04 Fri 931.25 18.0100 2012.00 0.98474 1.5710 0.0093727 1.9831 0.97676 0.96346 0.12821 0.75943 0.00095322 0.096731
2454655 2008/07/07 Mon 916.75 17.8500 1990.00 0.98299 1.5646 0.0092971 1.9697 0.96825 0.95301 0.12816 0.75199 0.00095645 0.096884
2454656 2008/07/08 Tue 921.00 17.6200 1987.00 0.97972 1.5653 0.0093151 1.9685 0.96855 0.95337 0.12816 0.75145 0.00097384 0.096728
2454657 2008/07/09 Wed 927.25 17.8200 1969.00 0.98931 1.5744 0.0093352 1.9811 0.97062 0.95845 0.12816 0.76128 0.00100119 0.097032
2454658 2008/07/10 Thu 939.50 18.1700 1999.00 0.98990 1.5772 0.0093427 1.9774 0.97248 0.96218 0.12815 0.75777 0.00100178 0.097040
2454659 2008/07/11 Fri 962.75 18.3800 2030.00 0.99088 1.5898 0.0094203 1.9895 0.98226 0.96730 0.12813 0.76110 0.00099980 0.097008
2454662 2008/07/14 Mon 968.00 18.6900 2017.00 0.99394 1.5914 0.0094175 1.9928 0.98429 0.97208 0.12814 0.76434 0.00099592 0.097128
2454663 2008/07/15 Tue 986.00 19.3000 1987.00 0.99800 1.5925 0.0095429 2.0048 0.99112 0.98024 0.12825 0.77245 0.00099401 0.096877
2454664 2008/07/16 Wed 977.50 18.8300 1951.00 0.99830 1.5846 0.0095587 1.9992 0.98523 0.97594 0.12822 0.77179 0.00099331 0.097464
2454665 2008/07/17 Thu 965.50 18.6700 1893.00 0.99840 1.5860 0.0094488 2.0038 0.98063 0.97504 0.12824 0.76568 0.00098842 0.097784
2454666 2008/07/18 Fri 959.75 18.5500 1849.00 0.99473 1.5855 0.0093673 1.9983 0.97971 0.97265 0.12826 0.76246 0.00098677 0.098001
2454669 2008/07/21 Mon 960.50 18.3500 1852.00 0.99790 1.5877 0.0093683 1.9978 0.97974 0.97475 0.12825 0.75960 0.00098194 0.098314
2454670 2008/07/22 Tue 961.50 18.6000 1865.00 0.99157 1.5811 0.0093367 1.9941 0.97243 0.97144 0.12827 0.76024 0.00098562 0.098760
2454671 2008/07/23 Wed 926.50 17.5900 1771.00 0.99128 1.5708 0.0092863 2.0020 0.96412 0.96352 0.12821 0.75159 0.00099029 0.099524
2454672 2008/07/24 Thu 928.00 17.5200 1729.00 0.98873 1.5656 0.0092920 1.9832 0.96242 0.95679 0.12822 0.74155 0.00099268 0.099763
2454673 2008/07/25 Fri 920.50 17.5500 1726.00 0.98386 1.5686 0.0092690 1.9880 0.96281 0.95612 0.12820 0.74173 0.00099272 0.099764
2454676 2008/07/28 Mon 923.50 17.4700 1756.00 0.97828 1.5745 0.0093024 1.9941 0.96771 0.95715 0.12820 0.74496 0.00099393 0.099296
2454677 2008/07/29 Tue 916.75 17.4200 1757.00 0.97456 1.5586 0.0092418 1.9805 0.95653 0.95078 0.12816 0.73638 0.00099308 0.099406
2454678 2008/07/30 Wed 897.50 17.1200 1726.00 0.97637 1.5558 0.0092433 1.9809 0.95372 0.94327 0.12814 0.73443 0.00098809 0.099590
2454679 2008/07/31 Thu 918.00 17.4800 1758.00 0.97494 1.5592 0.0092522 1.9803 0.95359 0.94170 0.12817 0.73384 0.00098859 0.099639
2454680 2008/08/01 Fri 912.50 17.5900 1675.00 0.97532 1.5567 0.0092929 1.9743 0.95406 0.93163 0.12812 0.72671 0.00098410 0.100263
2454684 2008/08/05 Tue 882.00 16.6700 1564.00 0.95914 1.5466 0.0092413 1.9531 0.94801 0.91569 0.12813 0.72559 0.00098312 0.100806
2454685 2008/08/06 Wed 879.50 16.7400 1612.00 0.95511 1.5409 0.0091414 1.9478 0.94308 0.90774 0.12811 0.71777 0.00098472 0.100478
2454686 2008/08/07 Thu 871.50 16.5900 1600.00 0.95138 1.5340 0.0091371 1.9438 0.94187 0.90781 0.12813 0.71477 0.00098373 0.099895
2454687 2008/08/08 Fri 852.50 15.7600 1552.00 0.93651 1.5047 0.0090822 1.9192 0.92583 0.89127 0.12799 0.70472 0.00097116 0.098708
2454690 2008/08/11 Mon 852.50 15.3350 1543.00 0.93668 1.4958 0.0090839 1.9143 0.92338 0.88676 0.12807 0.70082 0.00096759 0.098632
2454691 2008/08/12 Tue 817.75 14.4500 1494.00 0.93985 1.4901 0.0091080 1.9004 0.91899 0.87566 0.12808 0.69887 0.00096617 0.098308
2454692 2008/08/13 Wed 818.50 14.6800 1485.00 0.93835 1.4894 0.0091977 1.8681 0.92109 0.86732 0.12806 0.69663 0.00096181 0.097964
2454693 2008/08/14 Thu 818.00 14.8600 1512.00 0.94162 1.4857 0.0091112 1.8714 0.91638 0.87081 0.12804 0.69953 0.00096139 0.098305
2454694 2008/08/15 Fri 786.50 12.8200 1400.00 0.94260 1.4693 0.0090508 1.8648 0.91225 0.86747 0.12797 0.70563 0.00096239 0.098030
2454697 2008/08/18 Mon 796.25 13.0100 1384.00 0.94295 1.4730 0.0090862 1.8673 0.91249 0.87119 0.12800 0.71231 0.00095898 0.098633
2454698 2008/08/19 Tue 788.75 13.0100 1319.00 0.94277 1.4746 0.0091166 1.8654 0.91506 0.87103 0.12802 0.71217 0.00095126 0.098143
2454699 2008/08/20 Wed 815.75 13.2700 1365.00 0.94091 1.4701 0.0090920 1.8602 0.90836 0.87119 0.12806 0.71086 0.00095502 0.098608
2454700 2008/08/21 Thu 833.50 13.5900 1412.00 0.95639 1.4874 0.0092273 1.8757 0.92053 0.87835 0.12810 0.71815 0.00094969 0.098986
2454701 2008/08/22 Fri 824.00 13.6200 1427.00 0.95621 1.4799 0.0091012 1.8541 0.91145 0.86871 0.12810 0.71046 0.00093804 0.098872
2454704 2008/08/25 Mon 0.0 0.0 0.0 0.95566 1.4803 0.0091638 1.8586 0.91523 0.86755 0.12808 0.70891 0.00092699 0.098815
2454705 2008/08/26 Tue 827.00 13.0500 1425.00 0.95393 1.4659 0.0091042 1.8386 0.90880 0.85596 0.12808 0.69675 0.00091959 0.098254
2454706 2008/08/27 Wed 827.00 13.7600 1440.00 0.95365 1.4683 0.0091131 1.8317 0.90835 0.85523 0.12808 0.69807 0.00092218 0.098608
2454707 2008/08/28 Thu 838.25 13.7800 1494.00 0.95003 1.4687 0.0091279 1.8258 0.90947 0.86196 0.12809 0.70169 0.00092438 0.097948
2454708 2008/08/29 Fri 833.00 13.7600 1479.00 0.94109 1.4668 0.0092001 1.8190 0.90740 0.85620 0.12814 0.69895 0.00091850 0.097120
2454712 2008/09/02 Tue 798.50 13.1800 1380.00 0.93449 1.4521 0.0091861 1.7851 0.90328 0.83572 0.12809 0.68601 0.00088310 0.096253
2454713 2008/09/03 Wed 803.50 12.7900 1392.00 0.94277 1.4488 0.0092439 1.7793 0.90459 0.83502 0.12808 0.68436 0.00088338 0.096351
2454714 2008/09/04 Thu 805.75 13.0200 1412.00 0.93967 1.4358 0.0092793 1.7687 0.90124 0.82973 0.12807 0.67938 0.00087108 0.095565
2454715 2008/09/05 Fri 808.50 12.7000 1387.00 0.93976 1.4272 0.0093496 1.7684 0.90001 0.81063 0.12805 0.66610 0.00089465 0.095292
2454718 2008/09/08 Mon 808.00 12.3800 1376.00 0.93493 1.4122 0.0092614 1.7538 0.88425 0.81423 0.12818 0.66932 0.00092465 0.095082
2454719 2008/09/09 Tue 781.75 12.0400 1270.00 0.93642 1.4173 0.0093333 1.7670 0.88885 0.80804 0.12823 0.67179 0.00090832 0.095140
2454720 2008/09/10 Wed 775.75 11.2700 1213.00 0.93127 1.4018 0.0092708 1.7545 0.88014 0.80341 0.12821 0.66614 0.00091637 0.094338
2454721 2008/09/11 Thu 740.75 10.6600 1170.00 0.92627 1.3937 0.0093738 1.7496 0.87746 0.79779 0.12825 0.65061 0.00090126 0.093831
2454722 2008/09/12 Fri 750.25 10.8000 1187.00 0.94260 1.4171 0.0093025 1.7894 0.88218 0.81686 0.12826 0.66302 0.00090395 0.094542
2454725 2008/09/15 Mon 0.0 0.0 0.0 0.93659 1.4181 0.0094596 1.7890 0.89379 0.80819 0.12831 0.66002 0.00090381 0.093350
2454726 2008/09/16 Tue 779.50 10.8800 1081.00 0.93162 1.4151 0.0095211 1.7801 0.89295 0.79383 0.12858 0.65828 0.00086268 0.093143
2454727 2008/09/17 Wed 813.00 10.7700 1073.00 0.92739 1.4133 0.0095521 1.7891 0.89224 0.78299 0.12850 0.65362 0.00089585 0.091802
2454728 2008/09/18 Thu 863.00 12.9000 1132.00 0.93449 1.4383 0.0095318 1.8184 0.90992 0.79871 0.12853 0.67124 0.00086627 0.092160
2454729 2008/09/19 Fri 869.00 12.1500 1155.00 0.95511 1.4390 0.0093285 1.8292 0.89990 0.82866 0.12858 0.68615 0.00087679 0.094269
2454732 2008/09/22 Mon 889.00 12.9850 1197.00 0.96321 1.4695 0.0094028 1.8483 0.92295 0.84406 0.12869 0.69360 0.00088615 0.094394
2454733 2008/09/23 Tue 899.00 13.3800 1210.00 0.96572 1.4735 0.0094583 1.8554 0.92467 0.83776 0.12889 0.68421 0.00087301 0.093240
2454734 2008/09/24 Wed 896.00 13.2900 1225.00 0.96609 1.4654 0.0094310 1.8499 0.91827 0.83644 0.12885 0.68602 0.00086658 0.092648
2454735 2008/09/25 Thu 888.50 13.3400 1195.00 0.96731 1.4641 0.0093906 1.8408 0.91885 0.83585 0.12864 0.68330 0.00086380 0.092851
2454736 2008/09/26 Fri 902.00 13.1800 1140.00 0.96628 1.4595 0.0094270 1.8399 0.91816 0.82907 0.12869 0.68548 0.00086096 0.092627
2454739 2008/09/29 Mon 905.00 13.0600 1093.00 0.96209 1.4380 0.0095122 1.8041 0.91197 0.81239 0.12881 0.67818 0.00084376 0.091563
2454740 2008/09/30 Tue 884.50 12.9600 1004.00 0.94349 1.4080 0.0094348 1.7802 0.89376 0.79017 0.12876 0.66865 0.00082838 0.091122
2454741 2008/10/01 Wed 880.00 12.2800 1010.00 0.94260 1.4058 0.0094260 1.7802 0.89207 0.79348 0.12875 0.67829 0.00084174 0.091149
2454742 2008/10/02 Thu 852.00 12.2500 995.00 0.92859 1.3853 0.0094995 1.7654 0.88179 0.77686 0.12868 0.66413 0.00081716 0.089953
2454743 2008/10/03 Fri 828.00 11.2000 959.00 0.92490 1.3817 0.0094525 1.7742 0.88522 0.77488 0.12867 0.66214 0.00081576 0.089881
2454746 2008/10/06 Mon 875.50 11.2900 983.00 0.90686 1.3508 0.0098758 1.7377 0.87286 0.71379 0.12870 0.62628 0.00078806 0.085499
2454747 2008/10/07 Tue 876.75 11.6400 1008.00 0.90432 1.3649 0.0097757 1.7590 0.87719 0.72156 0.12863 0.63601 0.00075240 0.082529
2454748 2008/10/08 Wed 903.50 11.6500 1004.00 0.88897 1.3679 0.0100187 1.7308 0.88755 0.66886 0.12869 0.60139 0.00071651 0.075989
2454749 2008/10/09 Thu 883.50 11.6400 1027.00 0.87062 1.3645 0.0099338 1.7222 0.88412 0.70138 0.12886 0.61684 0.00072349 0.080794
2454750 2008/10/10 Fri 900.50 11.7400 1001.00 0.83984 1.3469 0.0100529 1.7035 0.89099 0.65298 0.12888 0.59570 0.00076510 0.076779
2454754 2008/10/14 Tue 832.50 10.8900 1032.00 0.86192 1.3659 0.0097828 1.7481 0.88123 0.70514 0.12887 0.62403 0.00082917 0.080417
2454755 2008/10/15 Wed 847.00 10.9200 985.00 0.84731 1.3566 0.0098543 1.7433 0.88129 0.68302 0.12891 0.61786 0.00080749 0.078512
2454756 2008/10/16 Thu 802.50 9.9900 917.00 0.83668 1.3416 0.0099565 1.7239 0.88236 0.67069 0.12891 0.60977 0.00072875 0.076222
2454757 2008/10/17 Fri 784.50 9.5600 856.00 0.84581 1.3460 0.0098621 1.7304 0.88167 0.69035 0.12894 0.61474 0.00074939 0.077933
2454760 2008/10/20 Mon 795.00 9.7900 877.00 0.83500 1.3313 0.0098280 1.7133 0.86865 0.69672 0.12895 0.61874 0.00076403 0.078215
2454761 2008/10/21 Tue 772.00 9.8600 882.00 0.81954 1.3103 0.0099574 1.6837 0.86363 0.68153 0.12898 0.61211 0.00076463 0.075774
2454762 2008/10/22 Wed 744.00 9.8400 852.00 0.80006 1.2835 0.0101368 1.6172 0.85791 0.66966 0.12899 0.59333 0.00070406 0.073558
2454763 2008/10/23 Thu 720.00 9.3400 790.00 0.79536 1.2877 0.0102442 1.6178 0.86018 0.66555 0.12895 0.58896 0.00070945 0.073372
2454764 2008/10/24 Fri 712.50 8.8800 778.00 0.78542 1.2656 0.0106111 1.5843 0.85807 0.61923 0.12898 0.55820 0.00070059 0.074961
2454767 2008/10/27 Mon 730.50 9.0100 763.00 0.77340 1.2446 0.0107193 1.5469 0.86326 0.60727 0.12901 0.54107 0.00068059 0.075297
2454768 2008/10/28 Tue 730.50 9.0900 811.00 0.77262 1.2475 0.0104535 1.5589 0.86116 0.62528 0.12899 0.55211 0.00068686 0.074812
2454769 2008/10/29 Wed 764.00 9.3800 817.00 0.81248 1.2851 0.0102535 1.6297 0.87935 0.66819 0.12901 0.58523 0.00071986 0.077356
2454770 2008/10/30 Thu 755.25 10.0200 841.00 0.81826 1.2850 0.0102610 1.6254 0.87538 0.66942 0.12902 0.58792 0.00080354 0.077694
2454771 2008/10/31 Fri 730.75 9.2800 814.00 0.82203 1.2681 0.0101685 1.6156 0.85672 0.65984 0.12903 0.58126 0.00077682 0.078940
2454774 2008/11/03 Mon 729.50 10.0500 821.00 0.84210 1.2718 0.0101053 1.5853 0.85592 0.68219 0.12903 0.59714 0.00079158 0.078139
2454775 2008/11/04 Tue 741.25 9.9500 827.00 0.86964 1.3020 0.0099487 1.6093 0.85999 0.70032 0.12903 0.61188 0.00079485 0.080224
2454776 2008/11/05 Wed 753.75 10.2800 870.00 0.86237 1.3040 0.0101069 1.6153 0.86159 0.69696 0.12903 0.60693 0.00078820 0.079122
2454777 2008/11/06 Thu 754.50 10.4100 862.00 0.84617 1.2755 0.0101963 1.5797 0.85133 0.67871 0.12903 0.59502 0.00075055 0.077069
2454778 2008/11/07 Fri 735.25 10.1300 849.00 0.84495 1.2775 0.0101901 1.5786 0.85011 0.67258 0.12903 0.58944 0.00076214 0.077795
2454781 2008/11/10 Mon 753.00 10.3100 880.00 0.83738 1.2760 0.0102077 1.5636 0.84843 0.67535 0.12903 0.58684 0.00075197 0.078011
2454783 2008/11/12 Wed 724.75 9.6500 824.00 0.81334 1.2555 0.0104677 1.5009 0.84758 0.64416 0.12902 0.56380 0.00073689 0.076397
2454784 2008/11/13 Thu 713.50 9.3650 826.00 0.81202 1.2525 0.0104263 1.4798 0.83362 0.64003 0.12902 0.55599 0.00071701 0.075217
2454785 2008/11/14 Fri 747.50 9.3300 845.00 0.81653 1.2730 0.0103454 1.4859 0.84241 0.66245 0.12903 0.56202 0.00071446 0.076900
2454788 2008/11/17 Mon 734.00 9.5000 814.00 0.81893 1.2726 0.0103022 1.5028 0.83646 0.65613 0.12903 0.55982 0.00070838 0.076431
2454789 2008/11/18 Tue 738.00 9.3800 819.00 0.81706 1.2688 0.0102704 1.5040 0.83495 0.65732 0.12903 0.55462 0.00069042 0.076060
2454790 2008/11/19 Wed 762.00 9.4000 826.00 0.80841 1.2597 0.0103314 1.5091 0.82611 0.65012 0.12903 0.55028 0.00069119 0.076031
2454791 2008/11/20 Thu 738.00 9.3900 797.00 0.77791 1.2523 0.0105251 1.4790 0.81976 0.61898 0.12903 0.53077 0.00066744 0.073730
2454792 2008/11/21 Fri 774.50 9.1700 812.00 0.77797 1.2528 0.0104792 1.4822 0.81726 0.62533 0.12901 0.53096 0.00066905 0.071697
2454795 2008/11/24 Mon 822.50 10.0400 843.00 0.81633 1.2890 0.0103429 1.5175 0.83543 0.65012 0.12899 0.54702 0.00066122 0.074245
2454796 2008/11/25 Tue 820.50 10.3300 867.00 0.81907 1.3030 0.0104677 1.5348 0.84307 0.64878 0.12895 0.54648 0.00066590 0.075330
2454797 2008/11/26 Wed 812.50 10.3000 0.0 0.81024 1.2824 0.0104764 1.5220 0.82871 0.64673 0.12893 0.54902 0.00067655 0.075620
2454798 2008/11/27 Thu 814.00 10.2600 860.00 0.81110 1.2891 0.0104713 1.5381 0.83316 0.66015 0.12901 0.55430 0.00067727 0.075562
2454799 2008/11/28 Fri 814.50 10.1200 876.00 0.80828 1.2695 0.0104753 1.5346 0.82169 0.65438 0.12903 0.54963 0.00068057 0.074685
2454802 2008/12/01 Mon 778.00 9.9100 810.00 0.80795 1.2633 0.0106730 1.4841 0.82807 0.64442 0.12901 0.53519 0.00069403 0.073701
2454803 2008/12/02 Tue 780.00 9.4100 810.00 0.80509 1.2725 0.0106755 1.4947 0.82916 0.64415 0.12900 0.53144 0.00068271 0.074261
2454804 2008/12/03 Wed 766.25 9.4300 804.00 0.79536 1.2671 0.0107214 1.4778 0.82359 0.64805 0.12899 0.53352 0.00068083 0.073809
2454805 2008/12/04 Thu 773.25 9.5800 794.00 0.79745 1.2839 0.0107735 1.4789 0.83533 0.65263 0.12900 0.53844 0.00067544 0.074003
2454806 2008/12/05 Fri 749.00 9.4600 788.00 0.77107 1.2653 0.0108489 1.4606 0.81703 0.63428 0.12901 0.52471 0.00067777 0.072465
2454809 2008/12/08 Mon 767.25 9.7300 842.00 0.79542 1.2938 0.0107779 1.4831 0.83073 0.66402 0.12902 0.54439 0.00069043 0.074260
2454810 2008/12/09 Tue 767.75 9.8300 807.00 0.79346 1.2938 0.0108149 1.4775 0.82901 0.65992 0.12903 0.54312 0.00069428 0.074038
2454811 2008/12/10 Wed 802.25 9.9600 824.00 0.79637 1.3022 0.0107590 1.4828 0.83667 0.66139 0.12903 0.54766 0.00071753 0.074158
2454812 2008/12/11 Thu 827.75 10.3900 842.00 0.82082 1.3294 0.0108758 1.4952 0.84232 0.67775 0.12903 0.55536 0.00073709 0.076303
2454813 2008/12/12 Fri 826.50 10.0700 801.00 0.80308 1.3349 0.0109541 1.4872 0.84766 0.65765 0.12903 0.54457 0.00072920 0.073900
2454816 2008/12/15 Mon 826.00 10.3300 834.00 0.80958 1.3662 0.0110266 1.5274 0.86278 0.67123 0.12903 0.55529 0.00073349 0.075154
2454817 2008/12/16 Tue 838.25 10.5000 830.00 0.81706 1.3809 0.0111120 1.5316 0.87662 0.67734 0.12902 0.56492 0.00074107 0.075587
2454818 2008/12/17 Wed 870.00 10.9800 855.00 0.82932 1.4352 0.0113783 1.5458 0.92121 0.69622 0.12903 0.58865 0.00075469 0.075900
2454819 2008/12/18 Thu 855.25 11.2900 862.00 0.83577 1.4295 0.0111325 1.5100 0.92787 0.69837 0.12903 0.59331 0.00077811 0.075779
2454820 2008/12/19 Fri 835.75 10.6100 848.00 0.81466 1.3868 0.0111772 1.4851 0.89963 0.68033 0.12903 0.57507 0.00077556 0.076195
2454823 2008/12/22 Mon 849.00 10.9700 858.00 0.82048 1.3952 0.0111011 1.4804 0.91328 0.68288 0.12902 0.57409 0.00076387 0.075828
2454824 2008/12/23 Tue 843.50 10.7000 851.00 0.82196 1.3964 0.0110390 1.4758 0.92101 0.68034 0.12903 0.56674 0.00074799 0.075620
2454825 2008/12/24 Wed 0.0 10.2900 0.0 0.82474 1.3963 0.0110268 1.4671 0.92668 0.68231 0.12902 0.57418 0.00076536 0.074977
2454830 2008/12/29 Mon 880.25 10.9300 904.00 0.82190 1.4232 0.0110874 1.4590 0.95997 0.69475 0.12903 0.58198 0.00079149 0.073921
2454831 2008/12/30 Tue 869.75 10.8300 898.00 0.81853 1.4085 0.0110666 1.4395 0.94622 0.69051 0.12903 0.57665 0.00079397 0.072612