Jul.Day YYYY/MM/DD Wdy XAU/USD XAG/USD XPT/USD CAD/USD EUR/USD JPY/USD GBP/USD CHF/USD AUD/USD HKD/USD NZD/USD KRW/USD MXN/USD
2454834 2009/01/02 Fri 0.0011435 0.090253 0.00107991 1.2107 0.71711 91.167 0.68864 1.0686 1.4119 7.7507 1.7100 1321.7 13.786
2454837 2009/01/05 Mon 0.0011716 0.090334 0.00108696 1.1914 0.73657 93.224 0.68475 1.1079 1.3990 7.7524 1.7025 1315.0 13.534
2454838 2009/01/06 Tue 0.0011789 0.092166 0.00118483 1.1823 0.74387 94.207 0.67672 1.1214 1.3911 7.7537 1.6827 1312.2 13.332
2454839 2009/01/07 Wed 0.0011786 0.087642 0.00100000 1.1853 0.72901 92.674 0.65566 1.0945 1.3866 7.7512 1.6659 1292.6 13.402
2454840 2009/01/08 Thu 0.0011686 0.091912 0.00101317 1.1888 0.72928 91.166 0.65843 1.0926 1.4146 7.7554 1.6877 1329.8 13.497
2454841 2009/01/09 Fri 0.0011803 0.089127 0.00101215 1.1923 0.74111 90.257 0.65634 1.1097 1.4164 7.7573 1.6859 1348.8 13.716
2454844 2009/01/12 Mon 0.0012092 0.090171 0.00103734 1.2077 0.74924 88.932 0.67454 1.1140 1.4680 7.7550 1.7290 1353.9 13.772
2454845 2009/01/13 Tue 0.0012099 0.094162 0.00107411 1.2257 0.75782 89.598 0.68856 1.1213 1.4988 7.7545 1.8116 1354.4 13.845
2454846 2009/01/14 Wed 0.0012173 0.092851 0.00106952 1.2383 0.75909 89.279 0.68426 1.1179 1.5061 7.7570 1.8422 1353.3 14.083
2454847 2009/01/15 Thu 0.0012346 0.095147 0.00108932 1.2625 0.76376 89.603 0.68499 1.1234 1.5249 7.7617 1.8843 1393.5 14.161
2454848 2009/01/16 Fri 0.0011994 0.092764 0.00106044 1.2542 0.75522 90.295 0.67864 1.1179 1.5024 7.7599 1.8471 1353.0 13.932
2454851 2009/01/19 Mon 0.0012005 0.089606 0.00104822 1.2521 0.76051 90.404 0.68884 1.1302 1.4931 7.7588 1.8365 1361.0 13.970
2454852 2009/01/20 Tue 0.0011720 0.088339 0.00105597 1.2605 0.77251 90.229 0.71315 1.1434 1.5218 7.7586 1.8969 1352.5 13.925
2454853 2009/01/21 Wed 0.0011775 0.088183 0.00107875 1.2741 0.77713 87.808 0.72856 1.1476 1.5404 7.7595 1.9185 1370.0 13.931
2454854 2009/01/22 Thu 0.0011628 0.088339 0.00107527 1.2630 0.77196 88.631 0.72258 1.1540 1.5296 7.7590 1.8998 1374.3 13.974
2454855 2009/01/23 Fri 0.0011419 0.087260 0.00107759 1.2480 0.77820 88.763 0.73270 1.1630 1.5343 7.7569 1.8987 1391.3 14.071
2454858 2009/01/26 Mon 0.0010986 0.082645 0.00105042 1.2205 0.76025 89.218 0.71642 1.1440 1.5130 7.7569 1.8858 1391.7 13.949
2454859 2009/01/27 Tue 0.0011142 0.083963 0.00105485 1.2299 0.76004 88.994 0.70692 1.1390 1.5148 7.7599 1.8936 1391.3 14.186
2454860 2009/01/28 Wed 0.0011170 0.083472 0.00104603 1.2098 0.75513 89.881 0.69858 1.1442 1.4930 7.7586 1.8713 1373.2 14.125
2454861 2009/01/29 Thu 0.0011208 0.085179 0.00104932 1.2188 0.76998 89.750 0.70127 1.1504 1.5271 7.7564 1.9386 1374.1 14.207
2454862 2009/01/30 Fri 0.0010875 0.079936 0.00101729 1.2364 0.78105 89.855 0.69390 1.1617 1.5680 7.7545 1.9675 1381.5 14.333
2454865 2009/02/02 Mon 0.0010890 0.080451 0.00103520 1.2404 0.78086 89.884 0.70294 1.1641 1.5826 7.7546 1.9913 1392.1 14.497
2454866 2009/02/03 Tue 0.0011056 0.080841 0.00103842 1.2337 0.76871 89.140 0.69492 1.1420 1.5448 7.7532 1.9567 1395.6 14.583
2454867 2009/02/04 Wed 0.0011050 0.080645 0.00103950 1.2266 0.77786 89.533 0.69104 1.1582 1.5388 7.7540 1.9547 1378.2 14.473
2454868 2009/02/05 Thu 0.0010870 0.078125 0.00102041 1.2303 0.77902 90.999 0.68358 1.1657 1.5297 7.7533 1.9405 1383.9 14.321
2454869 2009/02/06 Fri 0.0010953 0.077580 0.00101112 1.2389 0.77684 91.975 0.67685 1.1695 1.4898 7.7540 1.8874 1373.5 14.182
2454872 2009/02/09 Mon 0.0011173 0.076864 0.00101937 1.2192 0.76554 91.463 0.66967 1.1568 1.4638 7.7519 1.8378 1377.6 14.137
2454873 2009/02/10 Tue 0.0010992 0.077161 0.00096993 1.2332 0.77133 90.677 0.68481 1.1537 1.5180 7.7514 1.8932 1388.7 14.380
2454874 2009/02/11 Wed 0.0010661 0.074683 0.00096154 1.2424 0.77563 90.686 0.69614 1.1600 1.5276 7.7514 1.9020 1396.0 14.534
2454875 2009/02/12 Thu 0.0010602 0.074963 0.00093721 1.2477 0.77996 90.544 0.70194 1.1638 1.5373 7.7519 1.9234 1400.3 14.591
2454876 2009/02/13 Fri 0.0010689 0.074794 0.00094787 1.2433 0.77658 91.824 0.69342 1.1584 1.5170 7.7527 1.9002 1404.9 14.470
2454879 2009/02/16 Mon 0.0010610 0.073801 0.00093985 1.2437 0.78314 91.786 0.70091 1.1629 1.5423 7.7537 1.9354 1427.9 14.531
2454880 2009/02/17 Tue 0.0010331 0.071942 0.00092336 1.2601 0.79562 92.180 0.70310 1.1747 1.5663 7.7547 1.9582 1455.1 14.623
2454881 2009/02/18 Wed 0.0010373 0.071174 0.00091996 1.2596 0.79701 93.790 0.70267 1.1815 1.5669 7.7553 1.9586 1464.6 14.657
2454882 2009/02/19 Thu 0.0010199 0.070126 0.00094073 1.2595 0.78901 94.133 0.69883 1.1744 1.5505 7.7551 1.9536 1481.8 14.594
2454883 2009/02/20 Fri 0.0010111 0.070028 0.00092081 1.2541 0.78810 93.870 0.69777 1.1682 1.5581 7.7546 1.9728 1520.1 14.836
2454886 2009/02/23 Mon 0.0010145 0.069638 0.00093110 1.2512 0.78460 94.644 0.68732 1.1634 1.5495 7.7529 1.9611 1496.6 14.849
2454887 2009/02/24 Tue 0.0010160 0.069493 0.00093985 1.2470 0.78487 96.592 0.69413 1.1674 1.5556 7.7533 1.9632 1517.0 14.838
2454888 2009/02/25 Wed 0.0010220 0.072411 0.00096061 1.2556 0.78554 97.333 0.70110 1.1647 1.5446 7.7535 1.9561 1516.4 14.930
2454889 2009/02/26 Thu 0.0010678 0.074184 0.00094518 1.2456 0.78344 98.544 0.69739 1.1649 1.5304 7.7540 1.9573 1511.6 14.982
2454890 2009/02/27 Fri 0.0010504 0.075700 0.00094429 1.2707 0.78984 97.746 0.70042 1.1673 1.5578 7.7554 1.9895 1532.8 15.095
2454893 2009/03/02 Mon 0.0010670 0.076103 0.00091743 1.2890 0.79499 97.210 0.71496 1.1726 1.5874 7.7576 2.0306 1570.0 15.417
2454894 2009/03/03 Tue 0.0010944 0.078864 0.00095602 1.2938 0.79692 98.164 0.71280 1.1756 1.5662 7.7583 2.0197 1551.3 15.353
2454895 2009/03/04 Wed 0.0011007 0.077700 0.00096246 1.2765 0.79325 99.339 0.70716 1.1764 1.5391 7.7596 1.9769 1551.0 15.187
2454896 2009/03/05 Thu 0.0010953 0.076046 0.00094697 1.2877 0.79586 98.373 0.70815 1.1729 1.5605 7.7578 1.9943 1568.5 15.317